[Fold 1]: 
Fold Summary:  AUC -   0.9960 		AUPRC -   0.6714 

      Threshold       Precision          Recall        F1-Score     Skill Score         FP         FN         TP         TN
         0.5990          0.8000          0.5714          0.6667          0.5702          1          3          4        785
         0.2130          0.4375          1.0000          0.6087          0.9885          9          0          7        777
         0.2500          0.4000          0.8571          0.5455          0.8457          9          1          6        777
         0.5000          0.5000          0.7143          0.5882          0.7079          5          2          5        781
         0.7500          0.0000          0.0000          0.0000          0.0000          0          7          0        786


[Fold 2]: 
Fold Summary:  AUC -   1.0000 		AUPRC -   1.0000 

      Threshold       Precision          Recall        F1-Score     Skill Score         FP         FN         TP         TN
         0.4120          1.0000          1.0000          1.0000          1.0000          0          0          7        786
         0.4120          1.0000          1.0000          1.0000          1.0000          0          0          7        786
         0.2500          0.7778          1.0000          0.8750          0.9975          2          0          7        784
         0.5000          1.0000          1.0000          1.0000          1.0000          0          0          7        786
         0.7500          1.0000          0.4286          0.6000          0.4286          0          4          3        786


[Fold 3]: 
Fold Summary:  AUC -   1.0000 		AUPRC -   1.0000 

      Threshold       Precision          Recall        F1-Score     Skill Score         FP         FN         TP         TN
         0.4190          1.0000          1.0000          1.0000          1.0000          0          0          7        785
         0.4190          1.0000          1.0000          1.0000          1.0000          0          0          7        785
         0.2500          0.0909          1.0000          0.1667          0.9108         70          0          7        715
         0.5000          1.0000          1.0000          1.0000          1.0000          0          0          7        785
         0.7500          1.0000          0.7143          0.8333          0.7143          0          2          5        785


[Fold 4]: 
Fold Summary:  AUC -   1.0000 		AUPRC -   1.0000 

      Threshold       Precision          Recall        F1-Score     Skill Score         FP         FN         TP         TN
         0.4080          1.0000          1.0000          1.0000          1.0000          0          0          6        785
         0.4080          1.0000          1.0000          1.0000          1.0000          0          0          6        785
         0.2500          0.0571          1.0000          0.1081          0.8739         99          0          6        686
         0.5000          1.0000          1.0000          1.0000          1.0000          0          0          6        785
         0.7500          1.0000          0.3333          0.5000          0.3333          0          4          2        785


[Fold 5]: 
Fold Summary:  AUC -   0.9970 		AUPRC -   0.8833 

      Threshold       Precision          Recall        F1-Score     Skill Score         FP         FN         TP         TN
         0.3230          1.0000          0.8333          0.9091          0.8333          0          1          5        785
         0.1830          0.3000          1.0000          0.4615          0.9822         14          0          6        771
         0.2500          0.4545          0.8333          0.5882          0.8257          6          1          5        779
         0.5000          1.0000          0.5000          0.6667          0.5000          0          3          3        785
         0.7500          1.0000          0.3333          0.5000          0.3333          0          4          2        785


Complete Summary:  AUC -   0.9964 		AUPRC -   0.9215 

      Threshold       Precision          Recall        F1-Score     Skill Score         FP         FN         TP         TN
         0.4390          0.8611          0.9394          0.8986          0.9381          5          2         31       3922
         0.4390          0.8611          0.9394          0.8986          0.9381          5          2         31       3922
         0.2500          0.1429          0.9394          0.2480          0.8920        186          2         31       3741
         0.5000          0.8485          0.8485          0.8485          0.8472          5          5         28       3922
         0.7500          1.0000          0.3636          0.5333          0.3636          0         21         12       3927


Model parameters: 
{   }

