[Fold 1]: 
Fold Summary:  AUC -   0.9993 		AUPRC -   0.9325 

      Threshold       Precision          Recall        F1-Score     Skill Score         FP         FN         TP         TN
         0.3790          0.7778          1.0000          0.8750          0.9975          2          0          7        784
         0.3790          0.7778          1.0000          0.8750          0.9975          2          0          7        784
         0.2500          0.5385          1.0000          0.7000          0.9924          6          0          7        780
         0.5000          1.0000          0.2857          0.4444          0.2857          0          5          2        786
         0.7500          0.0000          0.0000          0.0000          0.0000          0          7          0        786


[Fold 2]: 
Fold Summary:  AUC -   1.0000 		AUPRC -   1.0000 

      Threshold       Precision          Recall        F1-Score     Skill Score         FP         FN         TP         TN
         0.2890          1.0000          1.0000          1.0000          1.0000          0          0          7        786
         0.2890          1.0000          1.0000          1.0000          1.0000          0          0          7        786
         0.2500          0.8750          1.0000          0.9333          0.9987          1          0          7        785
         0.5000          1.0000          1.0000          1.0000          1.0000          0          0          7        786
         0.7500          0.0000          0.0000          0.0000          0.0000          0          7          0        786


[Fold 3]: 
Fold Summary:  AUC -   1.0000 		AUPRC -   1.0000 

      Threshold       Precision          Recall        F1-Score     Skill Score         FP         FN         TP         TN
         0.3090          1.0000          1.0000          1.0000          1.0000          0          0          7        785
         0.3090          1.0000          1.0000          1.0000          1.0000          0          0          7        785
         0.2500          0.7000          1.0000          0.8235          0.9962          3          0          7        782
         0.5000          1.0000          0.8571          0.9231          0.8571          0          1          6        785
         0.7500          1.0000          0.4286          0.6000          0.4286          0          4          3        785


[Fold 4]: 
Fold Summary:  AUC -   1.0000 		AUPRC -   1.0000 

      Threshold       Precision          Recall        F1-Score     Skill Score         FP         FN         TP         TN
         0.1890          1.0000          1.0000          1.0000          1.0000          0          0          6        785
         0.1890          1.0000          1.0000          1.0000          1.0000          0          0          6        785
         0.2500          1.0000          1.0000          1.0000          1.0000          0          0          6        785
         0.5000          1.0000          1.0000          1.0000          1.0000          0          0          6        785
         0.7500          1.0000          0.3333          0.5000          0.3333          0          4          2        785


[Fold 5]: 
Fold Summary:  AUC -   1.0000 		AUPRC -   1.0000 

      Threshold       Precision          Recall        F1-Score     Skill Score         FP         FN         TP         TN
         0.1580          1.0000          1.0000          1.0000          1.0000          0          0          6        785
         0.1580          1.0000          1.0000          1.0000          1.0000          0          0          6        785
         0.2500          1.0000          0.8333          0.9091          0.8333          0          1          5        785
         0.5000          1.0000          0.5000          0.6667          0.5000          0          3          3        785
         0.7500          1.0000          0.1667          0.2857          0.1667          0          5          1        785


Complete Summary:  AUC -   0.9998 		AUPRC -   0.9774 

      Threshold       Precision          Recall        F1-Score     Skill Score         FP         FN         TP         TN
         0.3790          0.9375          0.9091          0.9231          0.9086          2          3         30       3925
         0.2180          0.7333          1.0000          0.8462          0.9969         12          0         33       3915
         0.2500          0.7619          0.9697          0.8533          0.9672         10          1         32       3917
         0.5000          1.0000          0.7273          0.8421          0.7273          0          9         24       3927
         0.7500          1.0000          0.1818          0.3077          0.1818          0         27          6       3927


Model parameters: 
{   }

