[Fold 1]: 
Fold Summary:  AUC -   0.9973 		AUPRC -   0.8181 

      Threshold       Precision          Recall        F1-Score     Skill Score         FP         FN         TP         TN
         0.5630          1.0000          0.5714          0.7273          0.5714          0          3          4        786
         0.2940          0.4667          1.0000          0.6364          0.9898          8          0          7        778
         0.2500          0.4375          1.0000          0.6087          0.9885          9          0          7        777
         0.5000          0.6250          0.7143          0.6667          0.7105          3          2          5        783
         0.7500          0.0000          0.0000          0.0000          0.0000          0          7          0        786


[Fold 2]: 
Fold Summary:  AUC -   1.0000 		AUPRC -   1.0000 

      Threshold       Precision          Recall        F1-Score     Skill Score         FP         FN         TP         TN
         0.3660          1.0000          1.0000          1.0000          1.0000          0          0          7        786
         0.3660          1.0000          1.0000          1.0000          1.0000          0          0          7        786
         0.2500          0.8750          1.0000          0.9333          0.9987          1          0          7        785
         0.5000          1.0000          1.0000          1.0000          1.0000          0          0          7        786
         0.7500          1.0000          0.2857          0.4444          0.2857          0          5          2        786


[Fold 3]: 
Fold Summary:  AUC -   1.0000 		AUPRC -   1.0000 

      Threshold       Precision          Recall        F1-Score     Skill Score         FP         FN         TP         TN
         0.3730          1.0000          1.0000          1.0000          1.0000          0          0          7        785
         0.3730          1.0000          1.0000          1.0000          1.0000          0          0          7        785
         0.2500          0.1077          1.0000          0.1944          0.9261         58          0          7        727
         0.5000          1.0000          1.0000          1.0000          1.0000          0          0          7        785
         0.7500          1.0000          0.7143          0.8333          0.7143          0          2          5        785


[Fold 4]: 
Fold Summary:  AUC -   1.0000 		AUPRC -   1.0000 

      Threshold       Precision          Recall        F1-Score     Skill Score         FP         FN         TP         TN
         0.3630          1.0000          1.0000          1.0000          1.0000          0          0          6        785
         0.3630          1.0000          1.0000          1.0000          1.0000          0          0          6        785
         0.2500          0.0690          1.0000          0.1290          0.8968         81          0          6        704
         0.5000          1.0000          1.0000          1.0000          1.0000          0          0          6        785
         0.7500          1.0000          0.5000          0.6667          0.5000          0          3          3        785


[Fold 5]: 
Fold Summary:  AUC -   0.9989 		AUPRC -   0.9242 

      Threshold       Precision          Recall        F1-Score     Skill Score         FP         FN         TP         TN
         0.2870          1.0000          0.8333          0.9091          0.8333          0          1          5        785
         0.2430          0.5455          1.0000          0.7059          0.9936          5          0          6        780
         0.2500          0.5455          1.0000          0.7059          0.9936          5          0          6        780
         0.5000          1.0000          0.5000          0.6667          0.5000          0          3          3        785
         0.7500          1.0000          0.3333          0.5000          0.3333          0          4          2        785


Complete Summary:  AUC -   0.9982 		AUPRC -   0.9388 

      Threshold       Precision          Recall        F1-Score     Skill Score         FP         FN         TP         TN
         0.3910          0.8611          0.9394          0.8986          0.9381          5          2         31       3922
         0.2500          0.1765          1.0000          0.3000          0.9608        154          0         33       3773
         0.2500          0.1765          1.0000          0.3000          0.9608        154          0         33       3773
         0.5000          0.9032          0.8485          0.8750          0.8477          3          5         28       3924
         0.7500          1.0000          0.3636          0.5333          0.3636          0         21         12       3927


Model parameters: 
{   }

