[Fold 1]: 
Fold Summary:  Training AUPRC -   0.0082
AUC -   0.5000 		AUPRC -   0.0088 

      Threshold       Precision          Recall        F1-Score     Skill Score         FP         FN         TP         TN
         0.0000          0.0088          1.0000          0.0175          0.0000        786          0          7          0
         0.0000          0.0088          1.0000          0.0175          0.0000        786          0          7          0
         0.2500          0.0000          0.0000          0.0000          0.0000          0          7          0        786
         0.5000          0.0000          0.0000          0.0000          0.0000          0          7          0        786
         0.7500          0.0000          0.0000          0.0000          0.0000          0          7          0        786


