[Fold 1]: 
Fold Summary:  AUC -   0.9960 		AUPRC -   0.6565 

      Threshold       Precision          Recall        F1-Score     Skill Score         FP         FN         TP         TN
         0.3880          0.5455          0.8571          0.6667          0.8508          5          1          6        781
         0.2540          0.4667          1.0000          0.6364          0.9898          8          0          7        778
         0.2500          0.4375          1.0000          0.6087          0.9885          9          0          7        777
         0.5000          0.5000          0.5714          0.5333          0.5663          4          3          4        782
         0.7500          0.0000          0.0000          0.0000          0.0000          0          7          0        786


[Fold 2]: 
Fold Summary:  AUC -   1.0000 		AUPRC -   1.0000 

      Threshold       Precision          Recall        F1-Score     Skill Score         FP         FN         TP         TN
         0.3570          1.0000          1.0000          1.0000          1.0000          0          0          7        786
         0.3570          1.0000          1.0000          1.0000          1.0000          0          0          7        786
         0.2500          0.7778          1.0000          0.8750          0.9975          2          0          7        784
         0.5000          1.0000          1.0000          1.0000          1.0000          0          0          7        786
         0.7500          1.0000          0.2857          0.4444          0.2857          0          5          2        786


[Fold 3]: 
Fold Summary:  AUC -   1.0000 		AUPRC -   1.0000 

      Threshold       Precision          Recall        F1-Score     Skill Score         FP         FN         TP         TN
         0.3570          1.0000          1.0000          1.0000          1.0000          0          0          7        785
         0.3570          1.0000          1.0000          1.0000          1.0000          0          0          7        785
         0.2500          0.1458          1.0000          0.2545          0.9478         41          0          7        744
         0.5000          1.0000          0.8571          0.9231          0.8571          0          1          6        785
         0.7500          1.0000          0.7143          0.8333          0.7143          0          2          5        785


[Fold 4]: 
Fold Summary:  AUC -   1.0000 		AUPRC -   1.0000 

      Threshold       Precision          Recall        F1-Score     Skill Score         FP         FN         TP         TN
         0.3280          1.0000          1.0000          1.0000          1.0000          0          0          6        785
         0.3280          1.0000          1.0000          1.0000          1.0000          0          0          6        785
         0.2500          0.1034          1.0000          0.1875          0.9338         52          0          6        733
         0.5000          1.0000          1.0000          1.0000          1.0000          0          0          6        785
         0.7500          1.0000          0.3333          0.5000          0.3333          0          4          2        785


[Fold 5]: 
Fold Summary:  AUC -   0.9987 		AUPRC -   0.9167 

      Threshold       Precision          Recall        F1-Score     Skill Score         FP         FN         TP         TN
         0.2460          1.0000          0.8333          0.9091          0.8333          0          1          5        785
         0.1890          0.5000          1.0000          0.6667          0.9924          6          0          6        779
         0.2500          1.0000          0.8333          0.9091          0.8333          0          1          5        785
         0.5000          1.0000          0.5000          0.6667          0.5000          0          3          3        785
         0.7500          1.0000          0.1667          0.2857          0.1667          0          5          1        785


Complete Summary:  AUC -   0.9979 		AUPRC -   0.9272 

      Threshold       Precision          Recall        F1-Score     Skill Score         FP         FN         TP         TN
         0.3570          0.8378          0.9394          0.8857          0.9379          6          2         31       3921
         0.2040          0.1564          1.0000          0.2705          0.9547        178          0         33       3749
         0.2500          0.2353          0.9697          0.3787          0.9432        104          1         32       3823
         0.5000          0.8667          0.7879          0.8254          0.7869          4          7         26       3923
         0.7500          1.0000          0.3030          0.4651          0.3030          0         23         10       3927


Model parameters: 
{   }

