[Fold 1]: 
Fold Summary:  AUC -   0.9995 		AUPRC -   0.9107 

      Threshold       Precision          Recall        F1-Score     Skill Score         FP         FN         TP         TN
         0.9990          0.1522          1.0000          0.2642          0.9504         39          0          7        747
         0.9990          0.1522          1.0000          0.2642          0.9504         39          0          7        747
         0.2500          0.0511          1.0000          0.0972          0.8346        130          0          7        656
         0.5000          0.0609          1.0000          0.1148          0.8626        108          0          7        678
         0.7500          0.0729          1.0000          0.1359          0.8868         89          0          7        697


[Fold 2]: 
Fold Summary:  AUC -   0.9985 		AUPRC -   0.7407 

      Threshold       Precision          Recall        F1-Score     Skill Score         FP         FN         TP         TN
         0.9870          0.7778          1.0000          0.8750          0.9975          2          0          7        784
         0.9870          0.7778          1.0000          0.8750          0.9975          2          0          7        784
         0.2500          0.1321          1.0000          0.2333          0.9415         46          0          7        740
         0.5000          0.1944          1.0000          0.3256          0.9631         29          0          7        757
         0.7500          0.2333          1.0000          0.3784          0.9707         23          0          7        763


[Fold 3]: 
Fold Summary:  AUC -   0.9964 		AUPRC -   0.7475 

      Threshold       Precision          Recall        F1-Score     Skill Score         FP         FN         TP         TN
         0.9970          0.7143          0.7143          0.7143          0.7117          2          2          5        783
         0.9080          0.3684          1.0000          0.5385          0.9847         12          0          7        773
         0.2500          0.1077          1.0000          0.1944          0.9261         58          0          7        727
         0.5000          0.1556          1.0000          0.2692          0.9516         38          0          7        747
         0.7500          0.2188          1.0000          0.3590          0.9682         25          0          7        760


[Fold 4]: 
Fold Summary:  AUC -   1.0000 		AUPRC -   1.0000 

      Threshold       Precision          Recall        F1-Score     Skill Score         FP         FN         TP         TN
         0.9470          1.0000          1.0000          1.0000          1.0000          0          0          6        785
         0.9470          1.0000          1.0000          1.0000          1.0000          0          0          6        785
         0.2500          0.1091          1.0000          0.1967          0.9376         49          0          6        736
         0.5000          0.1667          1.0000          0.2857          0.9618         30          0          6        755
         0.7500          0.3529          1.0000          0.5217          0.9860         11          0          6        774


[Fold 5]: 
Fold Summary:  AUC -   0.9972 		AUPRC -   0.6329 

      Threshold       Precision          Recall        F1-Score     Skill Score         FP         FN         TP         TN
         0.9510          0.7143          0.8333          0.7692          0.8308          2          1          5        783
         0.7530          0.5000          1.0000          0.6667          0.9924          6          0          6        779
         0.2500          0.1200          1.0000          0.2143          0.9439         44          0          6        741
         0.5000          0.2400          1.0000          0.3871          0.9758         19          0          6        766
         0.7500          0.4615          1.0000          0.6316          0.9911          7          0          6        778


Complete Summary:  AUC -   0.9907 		AUPRC -   0.4305 

      Threshold       Precision          Recall        F1-Score     Skill Score         FP         FN         TP         TN
         0.9990          0.3485          0.6970          0.4646          0.6860         43         10         23       3884
         0.7850          0.1875          1.0000          0.3158          0.9636        143          0         33       3784
         0.2500          0.0917          1.0000          0.1679          0.9167        327          0         33       3600
         0.5000          0.1284          1.0000          0.2276          0.9430        224          0         33       3703
         0.7500          0.1755          1.0000          0.2986          0.9605        155          0         33       3772


Model parameters: 
{   }

