[Fold 1]: 
Fold Summary:  AUC -   0.9944 		AUPRC -   0.4569 

      Threshold       Precision          Recall        F1-Score     Skill Score         FP         FN         TP         TN
         0.1730          0.5000          1.0000          0.6667          0.9911          7          0          7        779
         0.1730          0.5000          1.0000          0.6667          0.9911          7          0          7        779
         0.2500          0.4615          0.8571          0.6000          0.8482          7          1          6        779
         0.5000          0.0000          0.0000          0.0000          0.0000          0          7          0        786
         0.7500          0.0000          0.0000          0.0000          0.0000          0          7          0        786


[Fold 2]: 
Fold Summary:  AUC -   1.0000 		AUPRC -   1.0000 

      Threshold       Precision          Recall        F1-Score     Skill Score         FP         FN         TP         TN
         0.3370          1.0000          1.0000          1.0000          1.0000          0          0          7        786
         0.3370          1.0000          1.0000          1.0000          1.0000          0          0          7        786
         0.2500          0.8750          1.0000          0.9333          0.9987          1          0          7        785
         0.5000          1.0000          0.5714          0.7273          0.5714          0          3          4        786
         0.7500          0.0000          0.0000          0.0000          0.0000          0          7          0        786


[Fold 3]: 
Fold Summary:  AUC -   0.9996 		AUPRC -   0.9683 

      Threshold       Precision          Recall        F1-Score     Skill Score         FP         FN         TP         TN
         0.3610          1.0000          0.8571          0.9231          0.8571          0          1          6        785
         0.1780          0.7778          1.0000          0.8750          0.9975          2          0          7        783
         0.2500          0.7778          1.0000          0.8750          0.9975          2          0          7        783
         0.5000          1.0000          0.7143          0.8333          0.7143          0          2          5        785
         0.7500          1.0000          0.1429          0.2500          0.1429          0          6          1        785


[Fold 4]: 
Fold Summary:  AUC -   1.0000 		AUPRC -   1.0000 

      Threshold       Precision          Recall        F1-Score     Skill Score         FP         FN         TP         TN
         0.1600          1.0000          1.0000          1.0000          1.0000          0          0          6        785
         0.1600          1.0000          1.0000          1.0000          1.0000          0          0          6        785
         0.2500          1.0000          1.0000          1.0000          1.0000          0          0          6        785
         0.5000          1.0000          0.5000          0.6667          0.5000          0          3          3        785
         0.7500          0.0000          0.0000          0.0000          0.0000          0          6          0        785


[Fold 5]: 
Fold Summary:  AUC -   0.9926 		AUPRC -   0.7611 

      Threshold       Precision          Recall        F1-Score     Skill Score         FP         FN         TP         TN
         0.1820          1.0000          0.6667          0.8000          0.6667          0          2          4        785
         0.1140          0.1818          1.0000          0.3077          0.9656         27          0          6        758
         0.2500          1.0000          0.5000          0.6667          0.5000          0          3          3        785
         0.5000          1.0000          0.3333          0.5000          0.3333          0          4          2        785
         0.7500          0.0000          0.0000          0.0000          0.0000          0          6          0        785


Complete Summary:  AUC -   0.9982 		AUPRC -   0.8874 

      Threshold       Precision          Recall        F1-Score     Skill Score         FP         FN         TP         TN
         0.1880          0.7561          0.9394          0.8378          0.9368         10          2         31       3917
         0.1150          0.1988          1.0000          0.3317          0.9661        133          0         33       3794
         0.2500          0.7436          0.8788          0.8056          0.8762         10          4         29       3917
         0.5000          1.0000          0.4242          0.5957          0.4242          0         19         14       3927
         0.7500          1.0000          0.0303          0.0588          0.0303          0         32          1       3927


Model parameters: 
{   }

