[Fold 1]: 
Fold Summary:  AUC -   0.9971 		AUPRC -   0.6813 

      Threshold       Precision          Recall        F1-Score     Skill Score         FP         FN         TP         TN
         0.3410          0.7500          0.8571          0.8000          0.8546          2          1          6        784
         0.2250          0.5385          1.0000          0.7000          0.9924          6          0          7        780
         0.2500          0.5000          0.8571          0.6316          0.8495          6          1          6        780
         0.5000          0.0000          0.0000          0.0000          0.0000          0          7          0        786
         0.7500          0.0000          0.0000          0.0000          0.0000          0          7          0        786


[Fold 2]: 
Fold Summary:  AUC -   1.0000 		AUPRC -   1.0000 

      Threshold       Precision          Recall        F1-Score     Skill Score         FP         FN         TP         TN
         0.4040          1.0000          1.0000          1.0000          1.0000          0          0          7        786
         0.4040          1.0000          1.0000          1.0000          1.0000          0          0          7        786
         0.2500          0.8750          1.0000          0.9333          0.9987          1          0          7        785
         0.5000          1.0000          0.7143          0.8333          0.7143          0          2          5        786
         0.7500          0.0000          0.0000          0.0000          0.0000          0          7          0        786


[Fold 3]: 
Fold Summary:  AUC -   0.9996 		AUPRC -   0.9683 

      Threshold       Precision          Recall        F1-Score     Skill Score         FP         FN         TP         TN
         0.4320          1.0000          0.8571          0.9231          0.8571          0          1          6        785
         0.2140          0.7778          1.0000          0.8750          0.9975          2          0          7        783
         0.2500          0.7778          1.0000          0.8750          0.9975          2          0          7        783
         0.5000          1.0000          0.8571          0.9231          0.8571          0          1          6        785
         0.7500          1.0000          0.4286          0.6000          0.4286          0          4          3        785


[Fold 4]: 
Fold Summary:  AUC -   1.0000 		AUPRC -   1.0000 

      Threshold       Precision          Recall        F1-Score     Skill Score         FP         FN         TP         TN
         0.1920          1.0000          1.0000          1.0000          1.0000          0          0          6        785
         0.1920          1.0000          1.0000          1.0000          1.0000          0          0          6        785
         0.2500          1.0000          1.0000          1.0000          1.0000          0          0          6        785
         0.5000          1.0000          0.8333          0.9091          0.8333          0          1          5        785
         0.7500          1.0000          0.3333          0.5000          0.3333          0          4          2        785


[Fold 5]: 
Fold Summary:  AUC -   0.9928 		AUPRC -   0.7620 

      Threshold       Precision          Recall        F1-Score     Skill Score         FP         FN         TP         TN
         0.2190          1.0000          0.6667          0.8000          0.6667          0          2          4        785
         0.1350          0.1875          1.0000          0.3158          0.9669         26          0          6        759
         0.2500          1.0000          0.6667          0.8000          0.6667          0          2          4        785
         0.5000          1.0000          0.5000          0.6667          0.5000          0          3          3        785
         0.7500          1.0000          0.1667          0.2857          0.1667          0          5          1        785


Complete Summary:  AUC -   0.9984 		AUPRC -   0.9198 

      Threshold       Precision          Recall        F1-Score     Skill Score         FP         FN         TP         TN
         0.2250          0.7750          0.9394          0.8493          0.9371          9          2         31       3918
         0.1380          0.2012          1.0000          0.3350          0.9666        131          0         33       3796
         0.2500          0.7692          0.9091          0.8333          0.9068          9          3         30       3918
         0.5000          1.0000          0.5758          0.7308          0.5758          0         14         19       3927
         0.7500          1.0000          0.1818          0.3077          0.1818          0         27          6       3927


Model parameters: 
{   }

