[Fold 1]: 
Fold Summary:  AUC -   0.9984 		AUPRC -   0.8639 

      Threshold       Precision          Recall        F1-Score     Skill Score         FP         FN         TP         TN
         0.4560          0.7500          0.8571          0.8000          0.8546          2          1          6        784
         0.3400          0.5833          1.0000          0.7368          0.9936          5          0          7        781
         0.2500          0.4667          1.0000          0.6364          0.9898          8          0          7        778
         0.5000          0.8000          0.5714          0.6667          0.5702          1          3          4        785
         0.7500          0.0000          0.0000          0.0000          0.0000          0          7          0        786


[Fold 2]: 
Fold Summary:  AUC -   1.0000 		AUPRC -   1.0000 

      Threshold       Precision          Recall        F1-Score     Skill Score         FP         FN         TP         TN
         0.3120          1.0000          1.0000          1.0000          1.0000          0          0          7        786
         0.3120          1.0000          1.0000          1.0000          1.0000          0          0          7        786
         0.2500          0.7778          1.0000          0.8750          0.9975          2          0          7        784
         0.5000          1.0000          1.0000          1.0000          1.0000          0          0          7        786
         0.7500          1.0000          0.2857          0.4444          0.2857          0          5          2        786


[Fold 3]: 
Fold Summary:  AUC -   1.0000 		AUPRC -   1.0000 

      Threshold       Precision          Recall        F1-Score     Skill Score         FP         FN         TP         TN
         0.3130          1.0000          1.0000          1.0000          1.0000          0          0          7        785
         0.3130          1.0000          1.0000          1.0000          1.0000          0          0          7        785
         0.2500          0.2258          1.0000          0.3684          0.9694         24          0          7        761
         0.5000          1.0000          1.0000          1.0000          1.0000          0          0          7        785
         0.7500          1.0000          0.7143          0.8333          0.7143          0          2          5        785


[Fold 4]: 
Fold Summary:  AUC -   1.0000 		AUPRC -   1.0000 

      Threshold       Precision          Recall        F1-Score     Skill Score         FP         FN         TP         TN
         0.2870          1.0000          1.0000          1.0000          1.0000          0          0          6        785
         0.2870          1.0000          1.0000          1.0000          1.0000          0          0          6        785
         0.2500          0.4615          1.0000          0.6316          0.9911          7          0          6        778
         0.5000          1.0000          1.0000          1.0000          1.0000          0          0          6        785
         0.7500          1.0000          0.3333          0.5000          0.3333          0          4          2        785


[Fold 5]: 
Fold Summary:  AUC -   1.0000 		AUPRC -   1.0000 

      Threshold       Precision          Recall        F1-Score     Skill Score         FP         FN         TP         TN
         0.2160          1.0000          1.0000          1.0000          1.0000          0          0          6        785
         0.2160          1.0000          1.0000          1.0000          1.0000          0          0          6        785
         0.2500          1.0000          1.0000          1.0000          1.0000          0          0          6        785
         0.5000          1.0000          0.5000          0.6667          0.5000          0          3          3        785
         0.7500          1.0000          0.3333          0.5000          0.3333          0          4          2        785


Complete Summary:  AUC -   0.9998 		AUPRC -   0.9746 

      Threshold       Precision          Recall        F1-Score     Skill Score         FP         FN         TP         TN
         0.4560          0.9355          0.8788          0.9062          0.8783          2          4         29       3925
         0.2770          0.7674          1.0000          0.8684          0.9975         10          0         33       3917
         0.2500          0.4459          1.0000          0.6168          0.9896         41          0         33       3886
         0.5000          0.9643          0.8182          0.8852          0.8179          1          6         27       3926
         0.7500          1.0000          0.3333          0.5000          0.3333          0         22         11       3927


Model parameters: 
{   }

