[Fold 1]: 
Fold Summary:  AUC -   0.9955 		AUPRC -   0.6655 

      Threshold       Precision          Recall        F1-Score     Skill Score         FP         FN         TP         TN
         0.2690          0.5000          0.8571          0.6316          0.8495          6          1          6        780
         0.1580          0.4375          1.0000          0.6087          0.9885          9          0          7        777
         0.2500          0.4286          0.8571          0.5714          0.8470          8          1          6        778
         0.5000          1.0000          0.2857          0.4444          0.2857          0          5          2        786
         0.7500          0.0000          0.0000          0.0000          0.0000          0          7          0        786


[Fold 2]: 
Fold Summary:  AUC -   0.9998 		AUPRC -   0.9821 

      Threshold       Precision          Recall        F1-Score     Skill Score         FP         FN         TP         TN
         0.2670          0.8750          1.0000          0.9333          0.9987          1          0          7        785
         0.2670          0.8750          1.0000          0.9333          0.9987          1          0          7        785
         0.2500          0.7778          1.0000          0.8750          0.9975          2          0          7        784
         0.5000          1.0000          0.7143          0.8333          0.7143          0          2          5        786
         0.7500          0.0000          0.0000          0.0000          0.0000          0          7          0        786


[Fold 3]: 
Fold Summary:  AUC -   0.9991 		AUPRC -   0.9405 

      Threshold       Precision          Recall        F1-Score     Skill Score         FP         FN         TP         TN
         0.5640          1.0000          0.8571          0.9231          0.8571          0          1          6        785
         0.2990          0.5833          1.0000          0.7368          0.9936          5          0          7        780
         0.2500          0.4375          1.0000          0.6087          0.9885          9          0          7        776
         0.5000          0.8571          0.8571          0.8571          0.8559          1          1          6        784
         0.7500          1.0000          0.5714          0.7273          0.5714          0          3          4        785


[Fold 4]: 
Fold Summary:  AUC -   1.0000 		AUPRC -   1.0000 

      Threshold       Precision          Recall        F1-Score     Skill Score         FP         FN         TP         TN
         0.1400          1.0000          1.0000          1.0000          1.0000          0          0          6        785
         0.1400          1.0000          1.0000          1.0000          1.0000          0          0          6        785
         0.2500          1.0000          1.0000          1.0000          1.0000          0          0          6        785
         0.5000          1.0000          0.8333          0.9091          0.8333          0          1          5        785
         0.7500          1.0000          0.1667          0.2857          0.1667          0          5          1        785


[Fold 5]: 
Fold Summary:  AUC -   0.9887 		AUPRC -   0.7426 

      Threshold       Precision          Recall        F1-Score     Skill Score         FP         FN         TP         TN
         0.3110          1.0000          0.6667          0.8000          0.6667          0          2          4        785
         0.0980          0.1224          1.0000          0.2182          0.9452         43          0          6        742
         0.2500          0.5714          0.6667          0.6154          0.6628          3          2          4        782
         0.5000          1.0000          0.5000          0.6667          0.5000          0          3          3        785
         0.7500          1.0000          0.1667          0.2857          0.1667          0          5          1        785


Complete Summary:  AUC -   0.9964 		AUPRC -   0.8666 

      Threshold       Precision          Recall        F1-Score     Skill Score         FP         FN         TP         TN
         0.3500          0.7879          0.7879          0.7879          0.7861          7          7         26       3920
         0.1790          0.3516          0.9697          0.5161          0.9547         59          1         32       3868
         0.2500          0.5769          0.9091          0.7059          0.9035         22          3         30       3905
         0.5000          0.9545          0.6364          0.7636          0.6361          1         12         21       3926
         0.7500          1.0000          0.1818          0.3077          0.1818          0         27          6       3927


Model parameters: 
{   }

