[Fold 1]: 
Fold Summary:  AUC -   0.9936 		AUPRC -   0.4328 

      Threshold       Precision          Recall        F1-Score     Skill Score         FP         FN         TP         TN
         0.1520          0.4667          1.0000          0.6364          0.9898          8          0          7        778
         0.1520          0.4667          1.0000          0.6364          0.9898          8          0          7        778
         0.2500          0.4286          0.8571          0.5714          0.8470          8          1          6        778
         0.5000          0.3333          0.1429          0.2000          0.1403          2          6          1        784
         0.7500          0.0000          0.0000          0.0000          0.0000          0          7          0        786


[Fold 2]: 
Fold Summary:  AUC -   1.0000 		AUPRC -   1.0000 

      Threshold       Precision          Recall        F1-Score     Skill Score         FP         FN         TP         TN
         0.2900          1.0000          1.0000          1.0000          1.0000          0          0          7        786
         0.2900          1.0000          1.0000          1.0000          1.0000          0          0          7        786
         0.2500          0.8750          1.0000          0.9333          0.9987          1          0          7        785
         0.5000          1.0000          0.7143          0.8333          0.7143          0          2          5        786
         0.7500          0.0000          0.0000          0.0000          0.0000          0          7          0        786


[Fold 3]: 
Fold Summary:  AUC -   0.9998 		AUPRC -   0.9821 

      Threshold       Precision          Recall        F1-Score     Skill Score         FP         FN         TP         TN
         0.3490          0.8750          1.0000          0.9333          0.9987          1          0          7        784
         0.3490          0.8750          1.0000          0.9333          0.9987          1          0          7        784
         0.2500          0.7000          1.0000          0.8235          0.9962          3          0          7        782
         0.5000          1.0000          0.8571          0.9231          0.8571          0          1          6        785
         0.7500          1.0000          0.1429          0.2500          0.1429          0          6          1        785


[Fold 4]: 
Fold Summary:  AUC -   1.0000 		AUPRC -   1.0000 

      Threshold       Precision          Recall        F1-Score     Skill Score         FP         FN         TP         TN
         0.1370          1.0000          1.0000          1.0000          1.0000          0          0          6        785
         0.1370          1.0000          1.0000          1.0000          1.0000          0          0          6        785
         0.2500          1.0000          1.0000          1.0000          1.0000          0          0          6        785
         0.5000          1.0000          0.5000          0.6667          0.5000          0          3          3        785
         0.7500          0.0000          0.0000          0.0000          0.0000          0          6          0        785


[Fold 5]: 
Fold Summary:  AUC -   0.9894 		AUPRC -   0.6994 

      Threshold       Precision          Recall        F1-Score     Skill Score         FP         FN         TP         TN
         0.2390          1.0000          0.5000          0.6667          0.5000          0          3          3        785
         0.0980          0.1250          1.0000          0.2222          0.9465         42          0          6        743
         0.2500          1.0000          0.5000          0.6667          0.5000          0          3          3        785
         0.5000          1.0000          0.3333          0.5000          0.3333          0          4          2        785
         0.7500          1.0000          0.1667          0.2857          0.1667          0          5          1        785


Complete Summary:  AUC -   0.9966 		AUPRC -   0.8449 

      Threshold       Precision          Recall        F1-Score     Skill Score         FP         FN         TP         TN
         0.2710          0.7632          0.8788          0.8169          0.8765          9          4         29       3918
         0.1790          0.4638          0.9697          0.6275          0.9603         37          1         32       3890
         0.2500          0.7073          0.8788          0.7838          0.8757         12          4         29       3915
         0.5000          0.8947          0.5152          0.6538          0.5146          2         16         17       3925
         0.7500          1.0000          0.0606          0.1143          0.0606          0         31          2       3927


Model parameters: 
{   }

