[Fold 1]: 
Fold Summary:  AUC -   0.9976 		AUPRC -   0.8044 

      Threshold       Precision          Recall        F1-Score     Skill Score         FP         FN         TP         TN
         0.2840          0.7500          0.8571          0.8000          0.8546          2          1          6        784
         0.1870          0.5000          1.0000          0.6667          0.9911          7          0          7        779
         0.2500          0.5455          0.8571          0.6667          0.8508          5          1          6        781
         0.5000          1.0000          0.1429          0.2500          0.1429          0          6          1        786
         0.7500          0.0000          0.0000          0.0000          0.0000          0          7          0        786


[Fold 2]: 
Fold Summary:  AUC -   0.9996 		AUPRC -   0.9617 

      Threshold       Precision          Recall        F1-Score     Skill Score         FP         FN         TP         TN
         0.3110          0.8750          1.0000          0.9333          0.9987          1          0          7        785
         0.3110          0.8750          1.0000          0.9333          0.9987          1          0          7        785
         0.2500          0.5833          1.0000          0.7368          0.9936          5          0          7        781
         0.5000          0.8333          0.7143          0.7692          0.7130          1          2          5        785
         0.7500          0.0000          0.0000          0.0000          0.0000          0          7          0        786


[Fold 3]: 
Fold Summary:  AUC -   0.9984 		AUPRC -   0.9196 

      Threshold       Precision          Recall        F1-Score     Skill Score         FP         FN         TP         TN
         0.5080          1.0000          0.8571          0.9231          0.8571          0          1          6        785
         0.2210          0.4375          1.0000          0.6087          0.9885          9          0          7        776
         0.2500          0.4615          0.8571          0.6000          0.8482          7          1          6        778
         0.5000          0.8571          0.8571          0.8571          0.8559          1          1          6        784
         0.7500          1.0000          0.4286          0.6000          0.4286          0          4          3        785


[Fold 4]: 
Fold Summary:  AUC -   1.0000 		AUPRC -   1.0000 

      Threshold       Precision          Recall        F1-Score     Skill Score         FP         FN         TP         TN
         0.1640          1.0000          1.0000          1.0000          1.0000          0          0          6        785
         0.1640          1.0000          1.0000          1.0000          1.0000          0          0          6        785
         0.2500          1.0000          1.0000          1.0000          1.0000          0          0          6        785
         0.5000          1.0000          0.6667          0.8000          0.6667          0          2          4        785
         0.7500          1.0000          0.1667          0.2857          0.1667          0          5          1        785


[Fold 5]: 
Fold Summary:  AUC -   0.9932 		AUPRC -   0.7887 

      Threshold       Precision          Recall        F1-Score     Skill Score         FP         FN         TP         TN
         0.3260          1.0000          0.6667          0.8000          0.6667          0          2          4        785
         0.1130          0.1765          1.0000          0.3000          0.9643         28          0          6        757
         0.2500          0.5000          0.6667          0.5714          0.6616          4          2          4        781
         0.5000          1.0000          0.5000          0.6667          0.5000          0          3          3        785
         0.7500          1.0000          0.1667          0.2857          0.1667          0          5          1        785


Complete Summary:  AUC -   0.9979 		AUPRC -   0.8915 

      Threshold       Precision          Recall        F1-Score     Skill Score         FP         FN         TP         TN
         0.3620          0.9259          0.7576          0.8333          0.7571          2          8         25       3925
         0.1150          0.1833          1.0000          0.3099          0.9626        147          0         33       3780
         0.2500          0.5800          0.8788          0.6988          0.8734         21          4         29       3906
         0.5000          0.9048          0.5758          0.7037          0.5752          2         14         19       3925
         0.7500          1.0000          0.1515          0.2632          0.1515          0         28          5       3927


Model parameters: 
{   }

