[Fold 1]: 
Fold Summary:  AUC -   0.7405 		AUPRC -   0.0708 

      Threshold       Precision          Recall        F1-Score     Skill Score         FP         FN         TP         TN
         0.0190          0.2000          0.2857          0.2353          0.2755          8          5          2        778
         0.0030          0.0265          0.4286          0.0500          0.2886        110          4          3        676
         0.2500          0.0000          0.0000          0.0000          0.0000          0          7          0        786
         0.5000          0.0000          0.0000          0.0000          0.0000          0          7          0        786
         0.7500          0.0000          0.0000          0.0000          0.0000          0          7          0        786


[Fold 2]: 
Fold Summary:  AUC -   0.7077 		AUPRC -   0.2034 

      Threshold       Precision          Recall        F1-Score     Skill Score         FP         FN         TP         TN
         0.0440          0.5000          0.2857          0.3636          0.2832          2          5          2        784
         0.0180          0.1875          0.4286          0.2609          0.4120         13          4          3        773
         0.2500          0.0000          0.0000          0.0000          0.0000          0          7          0        786
         0.5000          0.0000          0.0000          0.0000          0.0000          0          7          0        786
         0.7500          0.0000          0.0000          0.0000          0.0000          0          7          0        786


[Fold 3]: 
Fold Summary:  AUC -   0.6617 		AUPRC -   0.0351 

      Threshold       Precision          Recall        F1-Score     Skill Score         FP         FN         TP         TN
         0.0550          0.1250          0.1429          0.1333          0.1339          7          6          1        778
         0.0030          0.0290          0.5714          0.0552          0.4007        134          3          4        651
         0.2500          0.0000          0.0000          0.0000         -0.0051          4          7          0        781
         0.5000          0.0000          0.0000          0.0000         -0.0025          2          7          0        783
         0.7500          0.0000          0.0000          0.0000          0.0000          0          7          0        785


[Fold 4]: 
Fold Summary:  AUC -   0.8248 		AUPRC -   0.3261 

      Threshold       Precision          Recall        F1-Score     Skill Score         FP         FN         TP         TN
         0.0490          0.6667          0.3333          0.4444          0.3321          1          4          2        784
         0.0040          0.0806          0.8333          0.1471          0.7607         57          1          5        728
         0.2500          0.0000          0.0000          0.0000          0.0000          0          6          0        785
         0.5000          0.0000          0.0000          0.0000          0.0000          0          6          0        785
         0.7500          0.0000          0.0000          0.0000          0.0000          0          6          0        785


