[Fold 1]: 
Fold Summary:  Training AUPRC -    1.0000
AUC -   0.6176 		AUPRC -   0.0149 

      Threshold       Precision          Recall        F1-Score     Skill Score         FP         FN         TP         TN
         0.0050          0.0204          0.2857          0.0381          0.1636         96          5          2        690
         0.0030          0.0197          0.4286          0.0377          0.2390        149          4          3        637
         0.2500          0.0000          0.0000          0.0000         -0.0013          1          7          0        785
         0.5000          0.0000          0.0000          0.0000         -0.0013          1          7          0        785
         0.7500          0.0000          0.0000          0.0000          0.0000          0          7          0        786


[Fold 2]: 
Fold Summary:  Training AUPRC -    1.0000
AUC -   0.7435 		AUPRC -   0.0524 

      Threshold       Precision          Recall        F1-Score     Skill Score         FP         FN         TP         TN
         0.0370          0.1333          0.2857          0.1818          0.2692         13          5          2        773
         0.0020          0.0215          0.7143          0.0417          0.4242        228          2          5        558
         0.2500          0.0000          0.0000          0.0000         -0.0013          1          7          0        785
         0.5000          0.0000          0.0000          0.0000          0.0000          0          7          0        786
         0.7500          0.0000          0.0000          0.0000          0.0000          0          7          0        786


[Fold 3]: 
Fold Summary:  Training AUPRC -    1.0000
AUC -   0.6171 		AUPRC -   0.0371 

      Threshold       Precision          Recall        F1-Score     Skill Score         FP         FN         TP         TN
         0.0140          0.0652          0.4286          0.1132          0.3738         43          4          3        742
         0.0140          0.0652          0.4286          0.1132          0.3738         43          4          3        742
         0.2500          0.0000          0.0000          0.0000         -0.0038          3          7          0        782
         0.5000          0.0000          0.0000          0.0000          0.0000          0          7          0        785
         0.7500          0.0000          0.0000          0.0000          0.0000          0          7          0        785


