[Fold 1]: 
Fold Summary:  AUC -   0.8866 		AUPRC -   0.1860 

      Threshold       Precision          Recall        F1-Score     Skill Score         FP         FN         TP         TN
         0.5990          0.3333          0.5714          0.4211          0.5613          8          3          4        778
         0.0280          0.0323          0.8571          0.0622          0.6281        180          1          6        606
         0.2500          0.1290          0.5714          0.2105          0.5371         27          3          4        759
         0.5000          0.2857          0.5714          0.3810          0.5587         10          3          4        776
         0.7500          0.3000          0.4286          0.3529          0.4197          7          4          3        779


[Fold 2]: 
Fold Summary:  AUC -   0.9849 		AUPRC -   0.6848 

      Threshold       Precision          Recall        F1-Score     Skill Score         FP         FN         TP         TN
         0.4080          0.8333          0.7143          0.7692          0.7130          1          2          5        785
         0.0080          0.0933          1.0000          0.1707          0.9135         68          0          7        718
         0.2500          0.5556          0.7143          0.6250          0.7092          4          2          5        782
         0.5000          0.8333          0.7143          0.7692          0.7130          1          2          5        785
         0.7500          0.8333          0.7143          0.7692          0.7130          1          2          5        785


[Fold 3]: 
Fold Summary:  AUC -   1.0000 		AUPRC -   1.0000 

      Threshold       Precision          Recall        F1-Score     Skill Score         FP         FN         TP         TN
         0.8480          1.0000          1.0000          1.0000          1.0000          0          0          7        785
         0.8480          1.0000          1.0000          1.0000          1.0000          0          0          7        785
         0.2500          0.1795          1.0000          0.3043          0.9592         32          0          7        753
         0.5000          0.3182          1.0000          0.4828          0.9809         15          0          7        770
         0.7500          0.6364          1.0000          0.7778          0.9949          4          0          7        781


[Fold 4]: 
Fold Summary:  AUC -   0.8885 		AUPRC -   0.3657 

      Threshold       Precision          Recall        F1-Score     Skill Score         FP         FN         TP         TN
         0.8570          0.6000          0.5000          0.5455          0.4975          2          3          3        783
         0.1920          0.0500          0.8333          0.0943          0.7123         95          1          5        690
         0.2500          0.0465          0.6667          0.0870          0.5622         82          2          4        703
         0.5000          0.1081          0.6667          0.1860          0.6246         33          2          4        752
         0.7500          0.3333          0.5000          0.4000          0.4924          6          3          3        779


[Fold 5]: 
Fold Summary:  AUC -   0.8433 		AUPRC -   0.5632 

      Threshold       Precision          Recall        F1-Score     Skill Score         FP         FN         TP         TN
         0.9070          1.0000          0.5000          0.6667          0.5000          0          3          3        785
         0.1890          0.0847          0.8333          0.1538          0.7645         54          1          5        731
         0.2500          0.0851          0.6667          0.1509          0.6119         43          2          4        742
         0.5000          0.1818          0.6667          0.2857          0.6437         18          2          4        767
         0.7500          0.4286          0.5000          0.4615          0.4949          4          3          3        781


Complete Summary:  AUC -   0.9203 		AUPRC -   0.4737 

      Threshold       Precision          Recall        F1-Score     Skill Score         FP         FN         TP         TN
         0.8170          0.6176          0.6364          0.6269          0.6331         13         12         21       3914
         0.1920          0.1000          0.7879          0.1775          0.7283        234          7         26       3693
         0.2500          0.1132          0.7273          0.1959          0.6794        188          9         24       3739
         0.5000          0.2376          0.7273          0.3582          0.7077         77          9         24       3850
         0.7500          0.4884          0.6364          0.5526          0.6308         22         12         21       3905


Model parameters: 
{   }

