[Fold 1]: 
Fold Summary:  AUC -   0.9767 		AUPRC -   0.3832 

      Threshold       Precision          Recall        F1-Score     Skill Score         FP         FN         TP         TN
         0.2060          0.2857          0.5714          0.3810          0.5587         10          3          4        776
         0.0450          0.0843          1.0000          0.1556          0.9033         76          0          7        710
         0.2500          0.2500          0.2857          0.2667          0.2781          6          5          2        780
         0.5000          0.0000          0.0000          0.0000          0.0000          0          7          0        786
         0.7500          0.0000          0.0000          0.0000          0.0000          0          7          0        786


[Fold 2]: 
Fold Summary:  AUC -   0.9978 		AUPRC -   0.8923 

      Threshold       Precision          Recall        F1-Score     Skill Score         FP         FN         TP         TN
         0.3730          0.8571          0.8571          0.8571          0.8559          1          1          6        785
         0.2390          0.3889          1.0000          0.5600          0.9860         11          0          7        775
         0.2500          0.3889          1.0000          0.5600          0.9860         11          0          7        775
         0.5000          1.0000          0.4286          0.6000          0.4286          0          4          3        786
         0.7500          0.0000          0.0000          0.0000          0.0000          0          7          0        786


[Fold 3]: 
Fold Summary:  AUC -   0.9984 		AUPRC -   0.9196 

      Threshold       Precision          Recall        F1-Score     Skill Score         FP         FN         TP         TN
         0.4100          1.0000          0.8571          0.9231          0.8571          0          1          6        785
         0.2460          0.4375          1.0000          0.6087          0.9885          9          0          7        776
         0.2500          0.4375          1.0000          0.6087          0.9885          9          0          7        776
         0.5000          1.0000          0.7143          0.8333          0.7143          0          2          5        785
         0.7500          1.0000          0.4286          0.6000          0.4286          0          4          3        785


[Fold 4]: 
Fold Summary:  AUC -   1.0000 		AUPRC -   1.0000 

      Threshold       Precision          Recall        F1-Score     Skill Score         FP         FN         TP         TN
         0.1960          1.0000          1.0000          1.0000          1.0000          0          0          6        785
         0.1960          1.0000          1.0000          1.0000          1.0000          0          0          6        785
         0.2500          1.0000          1.0000          1.0000          1.0000          0          0          6        785
         0.5000          1.0000          0.6667          0.8000          0.6667          0          2          4        785
         0.7500          1.0000          0.1667          0.2857          0.1667          0          5          1        785


[Fold 5]: 
Fold Summary:  AUC -   0.9989 		AUPRC -   0.9056 

      Threshold       Precision          Recall        F1-Score     Skill Score         FP         FN         TP         TN
         0.2580          0.8333          0.8333          0.8333          0.8321          1          1          5        784
         0.1300          0.5455          1.0000          0.7059          0.9936          5          0          6        780
         0.2500          0.7143          0.8333          0.7692          0.8308          2          1          5        783
         0.5000          1.0000          0.3333          0.5000          0.3333          0          4          2        785
         0.7500          0.0000          0.0000          0.0000          0.0000          0          6          0        785


Complete Summary:  AUC -   0.9949 		AUPRC -   0.8046 

      Threshold       Precision          Recall        F1-Score     Skill Score         FP         FN         TP         TN
         0.3920          0.8000          0.7273          0.7619          0.7257          6          9         24       3921
         0.1370          0.2092          0.9697          0.3441          0.9389        121          1         32       3806
         0.2500          0.4909          0.8182          0.6136          0.8111         28          6         27       3899
         0.5000          1.0000          0.4242          0.5957          0.4242          0         19         14       3927
         0.7500          1.0000          0.1212          0.2162          0.1212          0         29          4       3927


Model parameters: 
{   }

