[Fold 1]: 
Fold Summary:  AUC -   0.9995 		AUPRC -   0.9107 

      Threshold       Precision          Recall        F1-Score     Skill Score         FP         FN         TP         TN
         0.9990          0.1522          1.0000          0.2642          0.9504         39          0          7        747
         0.9990          0.1522          1.0000          0.2642          0.9504         39          0          7        747
         0.2500          0.0761          1.0000          0.1414          0.8919         85          0          7        701
         0.5000          0.0833          1.0000          0.1538          0.9020         77          0          7        709
         0.7500          0.0886          1.0000          0.1628          0.9084         72          0          7        714


[Fold 2]: 
Fold Summary:  AUC -   0.9985 		AUPRC -   0.7407 

      Threshold       Precision          Recall        F1-Score     Skill Score         FP         FN         TP         TN
         0.0040          0.7778          1.0000          0.8750          0.9975          2          0          7        784
         0.0040          0.7778          1.0000          0.8750          0.9975          2          0          7        784
         0.2500          0.8571          0.8571          0.8571          0.8559          1          1          6        785
         0.5000          0.8571          0.8571          0.8571          0.8559          1          1          6        785
         0.7500          0.8571          0.8571          0.8571          0.8559          1          1          6        785


[Fold 3]: 
Fold Summary:  AUC -   0.9985 		AUPRC -   0.8274 

      Threshold       Precision          Recall        F1-Score     Skill Score         FP         FN         TP         TN
         0.0110          0.7778          1.0000          0.8750          0.9975          2          0          7        783
         0.0110          0.7778          1.0000          0.8750          0.9975          2          0          7        783
         0.2500          0.7778          1.0000          0.8750          0.9975          2          0          7        783
         0.5000          0.7778          1.0000          0.8750          0.9975          2          0          7        783
         0.7500          0.7500          0.8571          0.8000          0.8546          2          1          6        783


[Fold 4]: 
Fold Summary:  AUC -   0.9966 		AUPRC -   0.8028 

      Threshold       Precision          Recall        F1-Score     Skill Score         FP         FN         TP         TN
         0.0010          1.0000          0.6667          0.8000          0.6667          0          2          4        785
         0.0010          1.0000          0.6667          0.8000          0.6667          0          2          4        785
         0.2500          1.0000          0.5000          0.6667          0.5000          0          3          3        785
         0.5000          1.0000          0.3333          0.5000          0.3333          0          4          2        785
         0.7500          1.0000          0.3333          0.5000          0.3333          0          4          2        785


[Fold 5]: 
Fold Summary:  AUC -   0.8276 		AUPRC -   0.4674 

      Threshold       Precision          Recall        F1-Score     Skill Score         FP         FN         TP         TN
         0.9510          0.7500          0.5000          0.6000          0.4987          1          3          3        784
         0.9510          0.7500          0.5000          0.6000          0.4987          1          3          3        784
         0.2500          0.0769          0.5000          0.1333          0.4541         36          3          3        749
         0.5000          0.1500          0.5000          0.2308          0.4783         17          3          3        768
         0.7500          0.3333          0.5000          0.4000          0.4924          6          3          3        779


Complete Summary:  AUC -   0.9492 		AUPRC -   0.3899 

      Threshold       Precision          Recall        F1-Score     Skill Score         FP         FN         TP         TN
         0.9990          0.3051          0.5455          0.3913          0.5350         41         15         18       3886
         0.0030          0.0900          0.8485          0.1628          0.7764        283          5         28       3644
         0.2500          0.1733          0.7879          0.2842          0.7563        124          7         26       3803
         0.5000          0.2049          0.7576          0.3226          0.7329         97          8         25       3830
         0.7500          0.2286          0.7273          0.3478          0.7066         81          9         24       3846


Model parameters: 
{   }

