[Fold 1]: 
Fold Summary:  AUC -   0.9753 		AUPRC -   0.3495 

      Threshold       Precision          Recall        F1-Score     Skill Score         FP         FN         TP         TN
         0.0010          0.5000          0.2857          0.3636          0.2832          2          5          2        784
         0.0010          0.5000          0.2857          0.3636          0.2832          2          5          2        784
         0.2500          0.0000          0.0000          0.0000          0.0000          0          7          0        786
         0.5000          0.0000          0.0000          0.0000          0.0000          0          7          0        786
         0.7500          0.0000          0.0000          0.0000          0.0000          0          7          0        786


[Fold 2]: 
Fold Summary:  AUC -   0.9996 		AUPRC -   0.9683 

      Threshold       Precision          Recall        F1-Score     Skill Score         FP         FN         TP         TN
         0.0010          1.0000          0.7143          0.8333          0.7143          0          2          5        786
         0.0010          1.0000          0.7143          0.8333          0.7143          0          2          5        786
         0.2500          1.0000          0.2857          0.4444          0.2857          0          5          2        786
         0.5000          0.0000          0.0000          0.0000          0.0000          0          7          0        786
         0.7500          0.0000          0.0000          0.0000          0.0000          0          7          0        786


[Fold 3]: 
Fold Summary:  AUC -   1.0000 		AUPRC -   1.0000 

      Threshold       Precision          Recall        F1-Score     Skill Score         FP         FN         TP         TN
         0.0010          1.0000          1.0000          1.0000          1.0000          0          0          7        785
         0.0010          1.0000          1.0000          1.0000          1.0000          0          0          7        785
         0.2500          1.0000          0.5714          0.7273          0.5714          0          3          4        785
         0.5000          1.0000          0.4286          0.6000          0.4286          0          4          3        785
         0.7500          0.0000          0.0000          0.0000          0.0000          0          7          0        785


[Fold 4]: 
Fold Summary:  AUC -   0.9966 		AUPRC -   0.8028 

      Threshold       Precision          Recall        F1-Score     Skill Score         FP         FN         TP         TN
         0.0010          1.0000          0.6667          0.8000          0.6667          0          2          4        785
         0.0010          1.0000          0.6667          0.8000          0.6667          0          2          4        785
         0.2500          1.0000          0.3333          0.5000          0.3333          0          4          2        785
         0.5000          1.0000          0.1667          0.2857          0.1667          0          5          1        785
         0.7500          0.0000          0.0000          0.0000          0.0000          0          6          0        785


[Fold 5]: 
Fold Summary:  AUC -   0.9938 		AUPRC -   0.6788 

      Threshold       Precision          Recall        F1-Score     Skill Score         FP         FN         TP         TN
         0.0010          1.0000          0.5000          0.6667          0.5000          0          3          3        785
         0.0010          1.0000          0.5000          0.6667          0.5000          0          3          3        785
         0.2500          1.0000          0.3333          0.5000          0.3333          0          4          2        785
         0.5000          1.0000          0.1667          0.2857          0.1667          0          5          1        785
         0.7500          0.0000          0.0000          0.0000          0.0000          0          6          0        785


Complete Summary:  AUC -   0.9786 		AUPRC -   0.7687 

      Threshold       Precision          Recall        F1-Score     Skill Score         FP         FN         TP         TN
         0.0010          0.9130          0.6364          0.7500          0.6359          2         12         21       3925
         0.0010          0.9130          0.6364          0.7500          0.6359          2         12         21       3925
         0.2500          1.0000          0.3030          0.4651          0.3030          0         23         10       3927
         0.5000          1.0000          0.1515          0.2632          0.1515          0         28          5       3927
         0.7500          0.0000          0.0000          0.0000          0.0000          0         33          0       3927


Model parameters: 
{   }

