[Fold 1]: 
Fold Summary:  AUC -   0.9944 		AUPRC -   0.4490 

      Threshold       Precision          Recall        F1-Score     Skill Score         FP         FN         TP         TN
         0.2440          0.5385          1.0000          0.7000          0.9924          6          0          7        780
         0.2440          0.5385          1.0000          0.7000          0.9924          6          0          7        780
         0.2500          0.5385          1.0000          0.7000          0.9924          6          0          7        780
         0.5000          0.0000          0.0000          0.0000         -0.0025          2          7          0        784
         0.7500          0.0000          0.0000          0.0000          0.0000          0          7          0        786


[Fold 2]: 
Fold Summary:  AUC -   1.0000 		AUPRC -   1.0000 

      Threshold       Precision          Recall        F1-Score     Skill Score         FP         FN         TP         TN
         0.3030          1.0000          1.0000          1.0000          1.0000          0          0          7        786
         0.3030          1.0000          1.0000          1.0000          1.0000          0          0          7        786
         0.2500          0.8750          1.0000          0.9333          0.9987          1          0          7        785
         0.5000          1.0000          0.7143          0.8333          0.7143          0          2          5        786
         0.7500          1.0000          0.2857          0.4444          0.2857          0          5          2        786


[Fold 3]: 
Fold Summary:  AUC -   1.0000 		AUPRC -   1.0000 

      Threshold       Precision          Recall        F1-Score     Skill Score         FP         FN         TP         TN
         0.3150          1.0000          1.0000          1.0000          1.0000          0          0          7        785
         0.3150          1.0000          1.0000          1.0000          1.0000          0          0          7        785
         0.2500          0.7000          1.0000          0.8235          0.9962          3          0          7        782
         0.5000          1.0000          0.8571          0.9231          0.8571          0          1          6        785
         0.7500          1.0000          0.4286          0.6000          0.4286          0          4          3        785


[Fold 4]: 
Fold Summary:  AUC -   1.0000 		AUPRC -   1.0000 

      Threshold       Precision          Recall        F1-Score     Skill Score         FP         FN         TP         TN
         0.1890          1.0000          1.0000          1.0000          1.0000          0          0          6        785
         0.1890          1.0000          1.0000          1.0000          1.0000          0          0          6        785
         0.2500          1.0000          1.0000          1.0000          1.0000          0          0          6        785
         0.5000          1.0000          1.0000          1.0000          1.0000          0          0          6        785
         0.7500          1.0000          0.3333          0.5000          0.3333          0          4          2        785


[Fold 5]: 
Fold Summary:  AUC -   1.0000 		AUPRC -   1.0000 

      Threshold       Precision          Recall        F1-Score     Skill Score         FP         FN         TP         TN
         0.1590          1.0000          1.0000          1.0000          1.0000          0          0          6        785
         0.1590          1.0000          1.0000          1.0000          1.0000          0          0          6        785
         0.2500          1.0000          0.6667          0.8000          0.6667          0          2          4        785
         0.5000          1.0000          0.5000          0.6667          0.5000          0          3          3        785
         0.7500          1.0000          0.1667          0.2857          0.1667          0          5          1        785


Complete Summary:  AUC -   0.9994 		AUPRC -   0.9294 

      Threshold       Precision          Recall        F1-Score     Skill Score         FP         FN         TP         TN
         0.3150          0.8286          0.8788          0.8529          0.8773          6          4         29       3921
         0.1890          0.6735          1.0000          0.8049          0.9959         16          0         33       3911
         0.2500          0.7561          0.9394          0.8378          0.9368         10          2         31       3917
         0.5000          0.9091          0.6061          0.7273          0.6056          2         13         20       3925
         0.7500          1.0000          0.2424          0.3902          0.2424          0         25          8       3927


Model parameters: 
{   }

