[Fold 1]: 
Fold Summary:  AUC -   0.9938 		AUPRC -   0.4293 

      Threshold       Precision          Recall        F1-Score     Skill Score         FP         FN         TP         TN
         0.2390          0.5000          0.8571          0.6316          0.8495          6          1          6        780
         0.2040          0.4375          1.0000          0.6087          0.9885          9          0          7        777
         0.2500          0.5000          0.8571          0.6316          0.8495          6          1          6        780
         0.5000          0.2500          0.1429          0.1818          0.1390          3          6          1        783
         0.7500          0.0000          0.0000          0.0000          0.0000          0          7          0        786


[Fold 2]: 
Fold Summary:  AUC -   1.0000 		AUPRC -   1.0000 

      Threshold       Precision          Recall        F1-Score     Skill Score         FP         FN         TP         TN
         0.2040          1.0000          1.0000          1.0000          1.0000          0          0          7        786
         0.2040          1.0000          1.0000          1.0000          1.0000          0          0          7        786
         0.2500          1.0000          1.0000          1.0000          1.0000          0          0          7        786
         0.5000          1.0000          0.8571          0.9231          0.8571          0          1          6        786
         0.7500          0.0000          0.0000          0.0000          0.0000          0          7          0        786


[Fold 3]: 
Fold Summary:  AUC -   1.0000 		AUPRC -   1.0000 

      Threshold       Precision          Recall        F1-Score     Skill Score         FP         FN         TP         TN
         0.2580          1.0000          1.0000          1.0000          1.0000          0          0          7        785
         0.2580          1.0000          1.0000          1.0000          1.0000          0          0          7        785
         0.2500          0.8750          1.0000          0.9333          0.9987          1          0          7        784
         0.5000          1.0000          0.8571          0.9231          0.8571          0          1          6        785
         0.7500          1.0000          0.5714          0.7273          0.5714          0          3          4        785


[Fold 4]: 
Fold Summary:  AUC -   1.0000 		AUPRC -   1.0000 

      Threshold       Precision          Recall        F1-Score     Skill Score         FP         FN         TP         TN
         0.2060          1.0000          1.0000          1.0000          1.0000          0          0          6        785
         0.2060          1.0000          1.0000          1.0000          1.0000          0          0          6        785
         0.2500          1.0000          1.0000          1.0000          1.0000          0          0          6        785
         0.5000          1.0000          0.8333          0.9091          0.8333          0          1          5        785
         0.7500          1.0000          0.5000          0.6667          0.5000          0          3          3        785


[Fold 5]: 
Fold Summary:  AUC -   0.9877 		AUPRC -   0.6987 

      Threshold       Precision          Recall        F1-Score     Skill Score         FP         FN         TP         TN
         0.2030          0.6667          0.6667          0.6667          0.6641          2          2          4        783
         0.0680          0.1091          1.0000          0.1967          0.9376         49          0          6        736
         0.2500          1.0000          0.5000          0.6667          0.5000          0          3          3        785
         0.5000          1.0000          0.5000          0.6667          0.5000          0          3          3        785
         0.7500          1.0000          0.3333          0.5000          0.3333          0          4          2        785


Complete Summary:  AUC -   0.9965 		AUPRC -   0.8787 

      Threshold       Precision          Recall        F1-Score     Skill Score         FP         FN         TP         TN
         0.3900          0.8750          0.8485          0.8615          0.8475          4          5         28       3923
         0.2000          0.3810          0.9697          0.5470          0.9565         52          1         32       3875
         0.2500          0.8056          0.8788          0.8406          0.8770          7          4         29       3920
         0.5000          0.8750          0.6364          0.7368          0.6356          3         12         21       3924
         0.7500          1.0000          0.2727          0.4286          0.2727          0         24          9       3927


Model parameters: 
{   }

