[Fold 1]: 
Fold Summary:  AUC -   0.9964 		AUPRC -   0.6359 

      Threshold       Precision          Recall        F1-Score     Skill Score         FP         FN         TP         TN
         0.3200          0.5833          1.0000          0.7368          0.9936          5          0          7        781
         0.3200          0.5833          1.0000          0.7368          0.9936          5          0          7        781
         0.2500          0.5000          1.0000          0.6667          0.9911          7          0          7        779
         0.5000          0.3333          0.1429          0.2000          0.1403          2          6          1        784
         0.7500          0.0000          0.0000          0.0000          0.0000          0          7          0        786


[Fold 2]: 
Fold Summary:  AUC -   1.0000 		AUPRC -   1.0000 

      Threshold       Precision          Recall        F1-Score     Skill Score         FP         FN         TP         TN
         0.3370          1.0000          1.0000          1.0000          1.0000          0          0          7        786
         0.3370          1.0000          1.0000          1.0000          1.0000          0          0          7        786
         0.2500          0.7778          1.0000          0.8750          0.9975          2          0          7        784
         0.5000          1.0000          1.0000          1.0000          1.0000          0          0          7        786
         0.7500          1.0000          0.1429          0.2500          0.1429          0          6          1        786


[Fold 3]: 
Fold Summary:  AUC -   1.0000 		AUPRC -   1.0000 

      Threshold       Precision          Recall        F1-Score     Skill Score         FP         FN         TP         TN
         0.3600          1.0000          1.0000          1.0000          1.0000          0          0          7        785
         0.3600          1.0000          1.0000          1.0000          1.0000          0          0          7        785
         0.2500          0.6364          1.0000          0.7778          0.9949          4          0          7        781
         0.5000          1.0000          0.8571          0.9231          0.8571          0          1          6        785
         0.7500          1.0000          0.4286          0.6000          0.4286          0          4          3        785


[Fold 4]: 
Fold Summary:  AUC -   1.0000 		AUPRC -   1.0000 

      Threshold       Precision          Recall        F1-Score     Skill Score         FP         FN         TP         TN
         0.2200          1.0000          1.0000          1.0000          1.0000          0          0          6        785
         0.2200          1.0000          1.0000          1.0000          1.0000          0          0          6        785
         0.2500          1.0000          1.0000          1.0000          1.0000          0          0          6        785
         0.5000          1.0000          1.0000          1.0000          1.0000          0          0          6        785
         0.7500          1.0000          0.3333          0.5000          0.3333          0          4          2        785


[Fold 5]: 
Fold Summary:  AUC -   1.0000 		AUPRC -   1.0000 

      Threshold       Precision          Recall        F1-Score     Skill Score         FP         FN         TP         TN
         0.1840          1.0000          1.0000          1.0000          1.0000          0          0          6        785
         0.1840          1.0000          1.0000          1.0000          1.0000          0          0          6        785
         0.2500          1.0000          0.8333          0.9091          0.8333          0          1          5        785
         0.5000          1.0000          0.5000          0.6667          0.5000          0          3          3        785
         0.7500          1.0000          0.1667          0.2857          0.1667          0          5          1        785


Complete Summary:  AUC -   0.9995 		AUPRC -   0.9495 

      Threshold       Precision          Recall        F1-Score     Skill Score         FP         FN         TP         TN
         0.3600          0.8529          0.8788          0.8657          0.8775          5          4         29       3922
         0.2200          0.6735          1.0000          0.8049          0.9959         16          0         33       3911
         0.2500          0.7111          0.9697          0.8205          0.9664         13          1         32       3914
         0.5000          0.9200          0.6970          0.7931          0.6965          2         10         23       3925
         0.7500          1.0000          0.2121          0.3500          0.2121          0         26          7       3927


Model parameters: 
{   }

