[Fold 1]: 
Fold Summary:  AUC -   0.9949 		AUPRC -   0.5745 

      Threshold       Precision          Recall        F1-Score     Skill Score         FP         FN         TP         TN
         0.1770          0.4667          1.0000          0.6364          0.9898          8          0          7        778
         0.1770          0.4667          1.0000          0.6364          0.9898          8          0          7        778
         0.2500          0.4286          0.8571          0.5714          0.8470          8          1          6        778
         0.5000          0.3333          0.1429          0.2000          0.1403          2          6          1        784
         0.7500          0.0000          0.0000          0.0000          0.0000          0          7          0        786


[Fold 2]: 
Fold Summary:  AUC -   1.0000 		AUPRC -   1.0000 

      Threshold       Precision          Recall        F1-Score     Skill Score         FP         FN         TP         TN
         0.3380          1.0000          1.0000          1.0000          1.0000          0          0          7        786
         0.3380          1.0000          1.0000          1.0000          1.0000          0          0          7        786
         0.2500          0.8750          1.0000          0.9333          0.9987          1          0          7        785
         0.5000          1.0000          0.7143          0.8333          0.7143          0          2          5        786
         0.7500          0.0000          0.0000          0.0000          0.0000          0          7          0        786


[Fold 3]: 
Fold Summary:  AUC -   0.9996 		AUPRC -   0.9683 

      Threshold       Precision          Recall        F1-Score     Skill Score         FP         FN         TP         TN
         0.4920          1.0000          0.8571          0.9231          0.8571          0          1          6        785
         0.2950          0.7778          1.0000          0.8750          0.9975          2          0          7        783
         0.2500          0.4667          1.0000          0.6364          0.9898          8          0          7        777
         0.5000          1.0000          0.8571          0.9231          0.8571          0          1          6        785
         0.7500          1.0000          0.4286          0.6000          0.4286          0          4          3        785


[Fold 4]: 
Fold Summary:  AUC -   1.0000 		AUPRC -   1.0000 

      Threshold       Precision          Recall        F1-Score     Skill Score         FP         FN         TP         TN
         0.1600          1.0000          1.0000          1.0000          1.0000          0          0          6        785
         0.1600          1.0000          1.0000          1.0000          1.0000          0          0          6        785
         0.2500          1.0000          1.0000          1.0000          1.0000          0          0          6        785
         0.5000          1.0000          0.5000          0.6667          0.5000          0          3          3        785
         0.7500          1.0000          0.1667          0.2857          0.1667          0          5          1        785


[Fold 5]: 
Fold Summary:  AUC -   0.9894 		AUPRC -   0.6994 

      Threshold       Precision          Recall        F1-Score     Skill Score         FP         FN         TP         TN
         0.2770          1.0000          0.5000          0.6667          0.5000          0          3          3        785
         0.1140          0.1250          1.0000          0.2222          0.9465         42          0          6        743
         0.2500          0.5714          0.6667          0.6154          0.6628          3          2          4        782
         0.5000          1.0000          0.5000          0.6667          0.5000          0          3          3        785
         0.7500          1.0000          0.1667          0.2857          0.1667          0          5          1        785


Complete Summary:  AUC -   0.9968 		AUPRC -   0.8789 

      Threshold       Precision          Recall        F1-Score     Skill Score         FP         FN         TP         TN
         0.3140          0.7632          0.8788          0.8169          0.8765          9          4         29       3918
         0.2090          0.4638          0.9697          0.6275          0.9603         37          1         32       3890
         0.2500          0.6000          0.9091          0.7229          0.9040         20          3         30       3907
         0.5000          0.9000          0.5455          0.6792          0.5449          2         15         18       3925
         0.7500          1.0000          0.1515          0.2632          0.1515          0         28          5       3927


Model parameters: 
{   }

