[Fold 1]: 
Fold Summary:  AUC -   0.9922 		AUPRC -   0.3717 

      Threshold       Precision          Recall        F1-Score     Skill Score         FP         FN         TP         TN
         0.2060          0.4667          1.0000          0.6364          0.9898          8          0          7        778
         0.2060          0.4667          1.0000          0.6364          0.9898          8          0          7        778
         0.2500          0.3846          0.7143          0.5000          0.7041          8          2          5        778
         0.5000          0.2500          0.1429          0.1818          0.1390          3          6          1        783
         0.7500          0.0000          0.0000          0.0000          0.0000          0          7          0        786


[Fold 2]: 
Fold Summary:  AUC -   1.0000 		AUPRC -   1.0000 

      Threshold       Precision          Recall        F1-Score     Skill Score         FP         FN         TP         TN
         0.2040          1.0000          1.0000          1.0000          1.0000          0          0          7        786
         0.2040          1.0000          1.0000          1.0000          1.0000          0          0          7        786
         0.2500          1.0000          1.0000          1.0000          1.0000          0          0          7        786
         0.5000          1.0000          0.7143          0.8333          0.7143          0          2          5        786
         0.7500          0.0000          0.0000          0.0000          0.0000          0          7          0        786


[Fold 3]: 
Fold Summary:  AUC -   1.0000 		AUPRC -   1.0000 

      Threshold       Precision          Recall        F1-Score     Skill Score         FP         FN         TP         TN
         0.2580          1.0000          1.0000          1.0000          1.0000          0          0          7        785
         0.2580          1.0000          1.0000          1.0000          1.0000          0          0          7        785
         0.2500          0.8750          1.0000          0.9333          0.9987          1          0          7        784
         0.5000          1.0000          0.8571          0.9231          0.8571          0          1          6        785
         0.7500          1.0000          0.5714          0.7273          0.5714          0          3          4        785


[Fold 4]: 
Fold Summary:  AUC -   1.0000 		AUPRC -   1.0000 

      Threshold       Precision          Recall        F1-Score     Skill Score         FP         FN         TP         TN
         0.1950          1.0000          1.0000          1.0000          1.0000          0          0          6        785
         0.1950          1.0000          1.0000          1.0000          1.0000          0          0          6        785
         0.2500          1.0000          1.0000          1.0000          1.0000          0          0          6        785
         0.5000          1.0000          0.5000          0.6667          0.5000          0          3          3        785
         0.7500          1.0000          0.5000          0.6667          0.5000          0          3          3        785


[Fold 5]: 
Fold Summary:  AUC -   0.8558 		AUPRC -   0.5362 

      Threshold       Precision          Recall        F1-Score     Skill Score         FP         FN         TP         TN
         0.2950          1.0000          0.5000          0.6667          0.5000          0          3          3        785
         0.1110          0.1000          0.8333          0.1786          0.7760         45          1          5        740
         0.2500          0.7500          0.5000          0.6000          0.4987          1          3          3        784
         0.5000          1.0000          0.5000          0.6667          0.5000          0          3          3        785
         0.7500          1.0000          0.3333          0.5000          0.3333          0          4          2        785


Complete Summary:  AUC -   0.9778 		AUPRC -   0.8364 

      Threshold       Precision          Recall        F1-Score     Skill Score         FP         FN         TP         TN
         0.2950          0.7941          0.8182          0.8060          0.8164          7          6         27       3920
         0.1110          0.2319          0.9697          0.3743          0.9427        106          1         32       3821
         0.2500          0.7368          0.8485          0.7887          0.8459         10          5         28       3917
         0.5000          0.8571          0.5455          0.6667          0.5447          3         15         18       3924
         0.7500          1.0000          0.2727          0.4286          0.2727          0         24          9       3927


Model parameters: 
{   }

