[Fold 1]: 
Fold Summary:  AUC -   0.9816 		AUPRC -   0.2271 

      Threshold       Precision          Recall        F1-Score     Skill Score         FP         FN         TP         TN
         0.0150          0.2727          0.8571          0.4138          0.8368         16          1          6        770
         0.0020          0.1400          1.0000          0.2456          0.9453         43          0          7        743
         0.2500          0.1111          0.1429          0.1250          0.1327          8          6          1        778
         0.5000          0.0000          0.0000          0.0000         -0.0076          6          7          0        780
         0.7500          0.0000          0.0000          0.0000         -0.0064          5          7          0        781


[Fold 2]: 
Fold Summary:  AUC -   1.0000 		AUPRC -   1.0000 

      Threshold       Precision          Recall        F1-Score     Skill Score         FP         FN         TP         TN
         0.0140          1.0000          1.0000          1.0000          1.0000          0          0          7        786
         0.0140          1.0000          1.0000          1.0000          1.0000          0          0          7        786
         0.2500          1.0000          1.0000          1.0000          1.0000          0          0          7        786
         0.5000          1.0000          0.8571          0.9231          0.8571          0          1          6        786
         0.7500          1.0000          0.7143          0.8333          0.7143          0          2          5        786


[Fold 3]: 
Fold Summary:  AUC -   1.0000 		AUPRC -   1.0000 

      Threshold       Precision          Recall        F1-Score     Skill Score         FP         FN         TP         TN
         0.0480          1.0000          1.0000          1.0000          1.0000          0          0          7        785
         0.0480          1.0000          1.0000          1.0000          1.0000          0          0          7        785
         0.2500          1.0000          0.8571          0.9231          0.8571          0          1          6        785
         0.5000          1.0000          0.8571          0.9231          0.8571          0          1          6        785
         0.7500          1.0000          0.8571          0.9231          0.8571          0          1          6        785


[Fold 4]: 
Fold Summary:  AUC -   1.0000 		AUPRC -   1.0000 

      Threshold       Precision          Recall        F1-Score     Skill Score         FP         FN         TP         TN
         0.0070          1.0000          1.0000          1.0000          1.0000          0          0          6        785
         0.0070          1.0000          1.0000          1.0000          1.0000          0          0          6        785
         0.2500          1.0000          0.8333          0.9091          0.8333          0          1          5        785
         0.5000          1.0000          0.6667          0.8000          0.6667          0          2          4        785
         0.7500          1.0000          0.6667          0.8000          0.6667          0          2          4        785


[Fold 5]: 
Fold Summary:  AUC -   0.9947 		AUPRC -   0.7745 

      Threshold       Precision          Recall        F1-Score     Skill Score         FP         FN         TP         TN
         0.0040          0.8000          0.6667          0.7273          0.6654          1          2          4        784
         0.0020          0.4545          0.8333          0.5882          0.8257          6          1          5        779
         0.2500          1.0000          0.5000          0.6667          0.5000          0          3          3        785
         0.5000          1.0000          0.5000          0.6667          0.5000          0          3          3        785
         0.7500          1.0000          0.5000          0.6667          0.5000          0          3          3        785


Complete Summary:  AUC -   0.9942 		AUPRC -   0.7421 

      Threshold       Precision          Recall        F1-Score     Skill Score         FP         FN         TP         TN
         0.0540          0.7500          0.8182          0.7826          0.8159          9          6         27       3918
         0.0020          0.2424          0.9697          0.3879          0.9442        100          1         32       3827
         0.2500          0.7333          0.6667          0.6984          0.6646          8         11         22       3919
         0.5000          0.7600          0.5758          0.6552          0.5742          6         14         19       3921
         0.7500          0.7826          0.5455          0.6429          0.5442          5         15         18       3922


Model parameters: 
{   }

