		Feature              Random Forest        XGB Importance       Univariate Importance
		feature_0            0.0032               0.0632               0.0006              
		feature_1            0.0046               0.0237               15.0828             
		feature_2            0.0046               0.0000               -20.8390            
		feature_3            0.0069               0.0105               -20.5699            
		feature_4            0.0047               0.0763               16.1329             
		feature_5            0.0245               0.0526               36.8644             
		feature_6            0.0128               0.0184               17.8488             
		feature_7            0.0087               0.0158               16.5974             
		feature_8            0.0035               0.0026               2.2451              
		feature_9            0.0000               0.0000               -10.5444            
		feature_10           0.0015               0.0053               -14.2477            
		feature_11           0.0103               0.0026               7.5690              
		feature_12           0.0035               0.0053               -19.2569            
		feature_13           0.0070               0.0026               9.4164              
		feature_14           0.0071               0.0000               -27.8926            
		feature_15           0.0021               0.0000               1.7606              
		feature_16           0.0058               0.0132               24.5425             
		feature_17           0.0094               0.0053               47.0041             
		feature_18           0.0460               0.0763               44.1803             
		feature_19           0.0391               0.0000               -16.3865            
		feature_20           0.0038               0.0000               -13.4866            
		feature_21           0.0050               0.0026               -9.1047             
		feature_22           0.0000               0.0026               -0.9774             
		feature_23           0.0055               0.0000               -5.5531             
		feature_24           0.0005               0.0000               9.8813              
		feature_25           0.0089               0.0000               -22.9459            
		feature_26           0.0052               0.0000               -14.5578            
		feature_27           0.0000               0.0026               -9.6058             
		feature_28           0.0078               0.0026               24.2952             
		feature_29           0.0096               0.0421               61.2073             
		feature_30           0.0116               0.0158               46.8833             
		feature_31           0.0025               0.0079               36.6286             
		feature_32           0.0421               0.0026               -13.9269            
		feature_33           0.0135               0.0158               -28.5999            
		feature_34           0.0000               0.0000               -10.0144            
		feature_35           0.0127               0.0000               9.8421              
		feature_36           0.0004               0.0000               -13.1645            
		feature_37           0.0108               0.0000               -11.8015            
		feature_38           0.0033               0.0026               -3.1200             
		feature_39           0.0190               0.0000               -11.5703            
		feature_40           0.0029               0.0000               -2.5257             
		feature_41           0.0044               0.0026               0.5231              
		feature_42           0.0000               0.0026               17.4008             
		feature_43           0.0083               0.0000               25.5641             
		feature_44           0.0611               0.0500               106.5920            
		feature_45           0.0126               0.0053               -17.4707            
		feature_46           0.0249               0.0053               9.2488              
		feature_47           0.0001               0.0184               4.7000              
		feature_48           0.0020               0.0000               5.6352              
		feature_49           0.0101               0.0026               -21.6103            
		feature_50           0.0004               0.0079               -2.3795             
		feature_51           0.0146               0.0132               -9.0737             
		feature_52           0.0000               0.0000               -9.2093             
		feature_53           0.0144               0.0158               -2.5781             
		feature_54           0.0006               0.0000               -13.0689            
		feature_55           0.0007               0.0053               2.9937              
		feature_56           0.0025               0.0026               63.6120             
		feature_57           0.0094               0.0026               12.2816             
		feature_58           0.0272               0.0263               71.2314             
		feature_59           0.0328               0.0079               -29.1426            
		feature_60           0.0054               0.0000               11.3783             
		feature_61           0.0128               0.0053               2.7330              
		feature_62           0.0130               0.0053               -9.5791             
		feature_63           0.0112               0.0000               0.2155              
		feature_64           0.0131               0.0184               -20.9819            
		feature_65           0.0172               0.0000               -7.7962             
		feature_66           0.0007               0.0079               -25.7711            
		feature_67           0.0110               0.0211               -14.9445            
		feature_68           0.0003               0.0053               -2.1647             
		feature_69           0.0128               0.0000               20.5184             
		feature_70           0.0008               0.0105               40.4865             
		feature_71           0.0100               0.0105               74.9623             
		feature_72           0.0229               0.0026               2.2324              
		feature_73           0.0073               0.0026               20.9144             
		feature_74           0.0011               0.0053               6.9518              
		feature_75           0.0000               0.0000               -14.9170            
		feature_76           0.0093               0.0026               -23.4902            
		feature_77           0.0171               0.0158               -38.0215            
		feature_78           0.0066               0.0000               -16.8928            
		feature_79           0.0149               0.0263               -26.5667            
		feature_80           0.0000               0.0000               -8.0540             
		feature_81           0.0048               0.0000               11.6619             
		feature_82           0.0037               0.0026               20.5597             
		feature_83           0.0107               0.0000               47.5034             
		feature_84           0.0468               0.0395               76.7135             
		feature_85           0.0053               0.0053               -35.5117            
		feature_86           0.0000               0.0000               -17.9997            
		feature_87           0.0104               0.0105               -21.5228            
		feature_88           0.0109               0.0079               -33.8763            
		feature_89           0.0101               0.0132               -39.9277            
		feature_90           0.0050               0.0079               -37.5781            
		feature_91           0.0000               0.0026               -32.3147            
		feature_92           0.0125               0.0000               -17.6445            
		feature_93           0.0132               0.0000               4.3142              
		feature_94           0.0063               0.0000               26.5731             
		feature_95           0.0000               0.0000               36.6195             
		feature_96           0.0101               0.0053               66.1212             
		feature_97           0.0323               0.0868               108.7802            
		feature_98           0.0071               0.0000               -28.4156            
		feature_99           0.0156               0.0053               -37.9168            
		feature_100          0.0114               0.0342               -40.3667            
