[Fold 1]: 
Fold Summary:  AUC -   0.9947 		AUPRC -   0.4644 

      Threshold       Precision          Recall        F1-Score     Skill Score         FP         FN         TP         TN
         0.2080          0.5000          1.0000          0.6667          0.9911          7          0          7        779
         0.2080          0.5000          1.0000          0.6667          0.9911          7          0          7        779
         0.2500          0.4615          0.8571          0.6000          0.8482          7          1          6        779
         0.5000          0.0000          0.0000          0.0000          0.0000          0          7          0        786
         0.7500          0.0000          0.0000          0.0000          0.0000          0          7          0        786


[Fold 2]: 
Fold Summary:  AUC -   1.0000 		AUPRC -   1.0000 

      Threshold       Precision          Recall        F1-Score     Skill Score         FP         FN         TP         TN
         0.3530          1.0000          1.0000          1.0000          1.0000          0          0          7        786
         0.3530          1.0000          1.0000          1.0000          1.0000          0          0          7        786
         0.2500          0.8750          1.0000          0.9333          0.9987          1          0          7        785
         0.5000          1.0000          0.5714          0.7273          0.5714          0          3          4        786
         0.7500          0.0000          0.0000          0.0000          0.0000          0          7          0        786


[Fold 3]: 
Fold Summary:  AUC -   0.9996 		AUPRC -   0.9683 

      Threshold       Precision          Recall        F1-Score     Skill Score         FP         FN         TP         TN
         0.3670          1.0000          0.8571          0.9231          0.8571          0          1          6        785
         0.1890          0.7778          1.0000          0.8750          0.9975          2          0          7        783
         0.2500          0.7778          1.0000          0.8750          0.9975          2          0          7        783
         0.5000          1.0000          0.8571          0.9231          0.8571          0          1          6        785
         0.7500          1.0000          0.2857          0.4444          0.2857          0          5          2        785


[Fold 4]: 
Fold Summary:  AUC -   1.0000 		AUPRC -   1.0000 

      Threshold       Precision          Recall        F1-Score     Skill Score         FP         FN         TP         TN
         0.1600          1.0000          1.0000          1.0000          1.0000          0          0          6        785
         0.1600          1.0000          1.0000          1.0000          1.0000          0          0          6        785
         0.2500          1.0000          1.0000          1.0000          1.0000          0          0          6        785
         0.5000          1.0000          0.6667          0.8000          0.6667          0          2          4        785
         0.7500          1.0000          0.3333          0.5000          0.3333          0          4          2        785


[Fold 5]: 
Fold Summary:  AUC -   0.9928 		AUPRC -   0.7620 

      Threshold       Precision          Recall        F1-Score     Skill Score         FP         FN         TP         TN
         0.1830          1.0000          0.6667          0.8000          0.6667          0          2          4        785
         0.1140          0.1875          1.0000          0.3158          0.9669         26          0          6        759
         0.2500          1.0000          0.5000          0.6667          0.5000          0          3          3        785
         0.5000          1.0000          0.5000          0.6667          0.5000          0          3          3        785
         0.7500          1.0000          0.1667          0.2857          0.1667          0          5          1        785


Complete Summary:  AUC -   0.9982 		AUPRC -   0.8971 

      Threshold       Precision          Recall        F1-Score     Skill Score         FP         FN         TP         TN
         0.2080          0.7561          0.9394          0.8378          0.9368         10          2         31       3917
         0.1160          0.2000          1.0000          0.3333          0.9664        132          0         33       3795
         0.2500          0.7436          0.8788          0.8056          0.8762         10          4         29       3917
         0.5000          1.0000          0.5152          0.6800          0.5152          0         16         17       3927
         0.7500          1.0000          0.1515          0.2632          0.1515          0         28          5       3927


Model parameters: 
{   }

