[Fold 1]: 
Fold Summary:  AUC -   1.0000 		AUPRC -   1.0000 

      Threshold       Precision          Recall        F1-Score     Skill Score         FP         FN         TP         TN
         0.9990          1.0000          1.0000          1.0000          1.0000          0          0          7        786
         0.9990          1.0000          1.0000          1.0000          1.0000          0          0          7        786
         0.2500          0.5833          1.0000          0.7368          0.9936          5          0          7        781
         0.5000          0.6364          1.0000          0.7778          0.9949          4          0          7        782
         0.7500          0.6364          1.0000          0.7778          0.9949          4          0          7        782


[Fold 2]: 
Fold Summary:  AUC -   0.9995 		AUPRC -   0.9379 

      Threshold       Precision          Recall        F1-Score     Skill Score         FP         FN         TP         TN
         0.0030          0.8750          1.0000          0.9333          0.9987          1          0          7        785
         0.0030          0.8750          1.0000          0.9333          0.9987          1          0          7        785
         0.2500          0.8750          1.0000          0.9333          0.9987          1          0          7        785
         0.5000          0.8750          1.0000          0.9333          0.9987          1          0          7        785
         0.7500          0.8750          1.0000          0.9333          0.9987          1          0          7        785


[Fold 3]: 
Fold Summary:  AUC -   0.9985 		AUPRC -   0.8333 

      Threshold       Precision          Recall        F1-Score     Skill Score         FP         FN         TP         TN
         0.0060          0.7000          1.0000          0.8235          0.9962          3          0          7        782
         0.0060          0.7000          1.0000          0.8235          0.9962          3          0          7        782
         0.2500          0.7500          0.8571          0.8000          0.8546          2          1          6        783
         0.5000          0.7500          0.8571          0.8000          0.8546          2          1          6        783
         0.7500          0.7143          0.7143          0.7143          0.7117          2          2          5        783


[Fold 4]: 
Fold Summary:  AUC -   0.9817 		AUPRC -   0.8442 

      Threshold       Precision          Recall        F1-Score     Skill Score         FP         FN         TP         TN
         0.0270          1.0000          0.8333          0.9091          0.8333          0          1          5        785
         0.0270          1.0000          0.8333          0.9091          0.8333          0          1          5        785
         0.2500          1.0000          0.8333          0.9091          0.8333          0          1          5        785
         0.5000          1.0000          0.8333          0.9091          0.8333          0          1          5        785
         0.7500          1.0000          0.8333          0.9091          0.8333          0          1          5        785


[Fold 5]: 
Fold Summary:  AUC -   0.9299 		AUPRC -   0.5223 

      Threshold       Precision          Recall        F1-Score     Skill Score         FP         FN         TP         TN
         0.9990          0.6000          0.5000          0.5455          0.4975          2          3          3        783
         0.0140          0.0513          0.6667          0.0952          0.5724         74          2          4        711
         0.2500          0.0769          0.5000          0.1333          0.4541         36          3          3        749
         0.5000          0.0909          0.5000          0.1538          0.4618         30          3          3        755
         0.7500          0.1154          0.5000          0.1875          0.4707         23          3          3        762


Complete Summary:  AUC -   0.9897 		AUPRC -   0.7947 

      Threshold       Precision          Recall        F1-Score     Skill Score         FP         FN         TP         TN
         0.9990          0.8846          0.6970          0.7797          0.6962          3         10         23       3924
         0.0140          0.2419          0.9091          0.3822          0.8852         94          3         30       3833
         0.2500          0.3889          0.8485          0.5333          0.8373         44          5         28       3883
         0.5000          0.4308          0.8485          0.5714          0.8391         37          5         28       3890
         0.7500          0.4737          0.8182          0.6000          0.8105         30          6         27       3897


Model parameters: 
{   }

