[Fold 1]: 
Fold Summary:  AUC -   0.9953 		AUPRC -   0.5847 

      Threshold       Precision          Recall        F1-Score     Skill Score         FP         FN         TP         TN
         0.2700          0.5385          1.0000          0.7000          0.9924          6          0          7        780
         0.2700          0.5385          1.0000          0.7000          0.9924          6          0          7        780
         0.2500          0.4667          1.0000          0.6364          0.9898          8          0          7        778
         0.5000          0.4286          0.4286          0.4286          0.4235          4          4          3        782
         0.7500          0.0000          0.0000          0.0000          0.0000          0          7          0        786


[Fold 2]: 
Fold Summary:  AUC -   1.0000 		AUPRC -   1.0000 

      Threshold       Precision          Recall        F1-Score     Skill Score         FP         FN         TP         TN
         0.2900          1.0000          1.0000          1.0000          1.0000          0          0          7        786
         0.2900          1.0000          1.0000          1.0000          1.0000          0          0          7        786
         0.2500          0.8750          1.0000          0.9333          0.9987          1          0          7        785
         0.5000          1.0000          0.8571          0.9231          0.8571          0          1          6        786
         0.7500          0.0000          0.0000          0.0000          0.0000          0          7          0        786


[Fold 3]: 
Fold Summary:  AUC -   1.0000 		AUPRC -   1.0000 

      Threshold       Precision          Recall        F1-Score     Skill Score         FP         FN         TP         TN
         0.4210          1.0000          1.0000          1.0000          1.0000          0          0          7        785
         0.4210          1.0000          1.0000          1.0000          1.0000          0          0          7        785
         0.2500          0.3043          1.0000          0.4667          0.9796         16          0          7        769
         0.5000          1.0000          0.8571          0.9231          0.8571          0          1          6        785
         0.7500          1.0000          0.7143          0.8333          0.7143          0          2          5        785


[Fold 4]: 
Fold Summary:  AUC -   1.0000 		AUPRC -   1.0000 

      Threshold       Precision          Recall        F1-Score     Skill Score         FP         FN         TP         TN
         0.1890          1.0000          1.0000          1.0000          1.0000          0          0          6        785
         0.1890          1.0000          1.0000          1.0000          1.0000          0          0          6        785
         0.2500          1.0000          1.0000          1.0000          1.0000          0          0          6        785
         0.5000          1.0000          1.0000          1.0000          1.0000          0          0          6        785
         0.7500          1.0000          0.3333          0.5000          0.3333          0          4          2        785


[Fold 5]: 
Fold Summary:  AUC -   0.9985 		AUPRC -   0.8889 

      Threshold       Precision          Recall        F1-Score     Skill Score         FP         FN         TP         TN
         0.2380          0.8333          0.8333          0.8333          0.8321          1          1          5        784
         0.2120          0.5000          1.0000          0.6667          0.9924          6          0          6        779
         0.2500          0.8000          0.6667          0.7273          0.6654          1          2          4        784
         0.5000          1.0000          0.5000          0.6667          0.5000          0          3          3        785
         0.7500          1.0000          0.1667          0.2857          0.1667          0          5          1        785


Complete Summary:  AUC -   0.9987 		AUPRC -   0.9042 

      Threshold       Precision          Recall        F1-Score     Skill Score         FP         FN         TP         TN
         0.3490          0.8056          0.8788          0.8406          0.8770          7          4         29       3920
         0.2120          0.3143          1.0000          0.4783          0.9817         72          0         33       3855
         0.2500          0.5439          0.9394          0.6889          0.9328         26          2         31       3901
         0.5000          0.8571          0.7273          0.7869          0.7263          4          9         24       3923
         0.7500          1.0000          0.2424          0.3902          0.2424          0         25          8       3927


Model parameters: 
{   }

