[Fold 1]: 
Fold Summary:  AUC -   0.8508 		AUPRC -   0.0598 

      Threshold       Precision          Recall        F1-Score     Skill Score         FP         FN         TP         TN
         0.0360          0.1000          0.2857          0.1481          0.2628         18          5          2        768
         0.0130          0.0341          0.8571          0.0656          0.6409        170          1          6        616
         0.2500          0.0000          0.0000          0.0000          0.0000          0          7          0        786
         0.5000          0.0000          0.0000          0.0000          0.0000          0          7          0        786
         0.7500          0.0000          0.0000          0.0000          0.0000          0          7          0        786


