[Fold 1]: 
Fold Summary:  Training AUPRC -  1.0000
AUC -   0.6176 		AUPRC -   0.0149 

      Threshold       Precision          Recall        F1-Score     Skill Score         FP         FN         TP         TN
         0.0050          0.0204          0.2857          0.0381          0.1636         96          5          2        690
         0.0030          0.0197          0.4286          0.0377          0.2390        149          4          3        637
         0.2500          0.0000          0.0000          0.0000         -0.0013          1          7          0        785
         0.5000          0.0000          0.0000          0.0000         -0.0013          1          7          0        785
         0.7500          0.0000          0.0000          0.0000          0.0000          0          7          0        786


