[Fold 1]: 
Fold Summary:  AUC -   0.7992 		AUPRC -   0.1122 

      Threshold       Precision          Recall        F1-Score     Skill Score         FP         FN         TP         TN
         0.0750          0.3000          0.4286          0.3529          0.4197          7          4          3        779
         0.0030          0.0485          0.7143          0.0909          0.5896         98          2          5        688
         0.2500          0.2222          0.2857          0.2500          0.2768          7          5          2        779
         0.5000          0.0000          0.0000          0.0000         -0.0089          7          7          0        779
         0.7500          0.0000          0.0000          0.0000         -0.0064          5          7          0        781


[Fold 2]: 
Fold Summary:  AUC -   0.9707 		AUPRC -   0.8427 

      Threshold       Precision          Recall        F1-Score     Skill Score         FP         FN         TP         TN
         0.3980          0.8571          0.8571          0.8571          0.8559          1          1          6        785
         0.3980          0.8571          0.8571          0.8571          0.8559          1          1          6        785
         0.2500          0.6000          0.8571          0.7059          0.8521          4          1          6        782
         0.5000          0.8571          0.8571          0.8571          0.8559          1          1          6        785
         0.7500          0.8333          0.7143          0.7692          0.7130          1          2          5        785


[Fold 3]: 
Fold Summary:  AUC -   1.0000 		AUPRC -   1.0000 

      Threshold       Precision          Recall        F1-Score     Skill Score         FP         FN         TP         TN
         0.0730          1.0000          1.0000          1.0000          1.0000          0          0          7        785
         0.0730          1.0000          1.0000          1.0000          1.0000          0          0          7        785
         0.2500          1.0000          0.8571          0.9231          0.8571          0          1          6        785
         0.5000          1.0000          0.8571          0.9231          0.8571          0          1          6        785
         0.7500          1.0000          0.7143          0.8333          0.7143          0          2          5        785


[Fold 4]: 
Fold Summary:  AUC -   0.9537 		AUPRC -   0.7204 

      Threshold       Precision          Recall        F1-Score     Skill Score         FP         FN         TP         TN
         0.8170          1.0000          0.6667          0.8000          0.6667          0          2          4        785
         0.2730          0.2941          0.8333          0.4348          0.8180         12          1          5        773
         0.2500          0.2500          0.8333          0.3846          0.8142         15          1          5        770
         0.5000          0.3077          0.6667          0.4211          0.6552          9          2          4        776
         0.7500          0.8000          0.6667          0.7273          0.6654          1          2          4        784


[Fold 5]: 
Fold Summary:  AUC -   0.9728 		AUPRC -   0.8408 

      Threshold       Precision          Recall        F1-Score     Skill Score         FP         FN         TP         TN
         0.4110          1.0000          0.8333          0.9091          0.8333          0          1          5        785
         0.4110          1.0000          0.8333          0.9091          0.8333          0          1          5        785
         0.2500          0.8333          0.8333          0.8333          0.8321          1          1          5        784
         0.5000          1.0000          0.8333          0.9091          0.8333          0          1          5        785
         0.7500          1.0000          0.8333          0.9091          0.8333          0          1          5        785


Complete Summary:  AUC -   0.9281 		AUPRC -   0.5981 

      Threshold       Precision          Recall        F1-Score     Skill Score         FP         FN         TP         TN
         0.6840          0.7000          0.6364          0.6667          0.6341          9         12         21       3918
         0.0970          0.2889          0.7879          0.4228          0.7716         64          7         26       3863
         0.2500          0.4706          0.7273          0.5714          0.7204         27          9         24       3900
         0.5000          0.5526          0.6364          0.5915          0.6320         17         12         21       3910
         0.7500          0.7308          0.5758          0.6441          0.5740          7         14         19       3920


Model parameters: 
{   }

