[Fold 1]: 
Fold Summary:  AUC -   0.9955 		AUPRC -   0.6048 

      Threshold       Precision          Recall        F1-Score     Skill Score         FP         FN         TP         TN
         0.1710          0.4667          1.0000          0.6364          0.9898          8          0          7        778
         0.1710          0.4667          1.0000          0.6364          0.9898          8          0          7        778
         0.2500          0.4286          0.8571          0.5714          0.8470          8          1          6        778
         0.5000          0.3333          0.1429          0.2000          0.1403          2          6          1        784
         0.7500          0.0000          0.0000          0.0000          0.0000          0          7          0        786


[Fold 2]: 
Fold Summary:  AUC -   1.0000 		AUPRC -   1.0000 

      Threshold       Precision          Recall        F1-Score     Skill Score         FP         FN         TP         TN
         0.3370          1.0000          1.0000          1.0000          1.0000          0          0          7        786
         0.3370          1.0000          1.0000          1.0000          1.0000          0          0          7        786
         0.2500          0.8750          1.0000          0.9333          0.9987          1          0          7        785
         0.5000          1.0000          0.7143          0.8333          0.7143          0          2          5        786
         0.7500          0.0000          0.0000          0.0000          0.0000          0          7          0        786


[Fold 3]: 
Fold Summary:  AUC -   1.0000 		AUPRC -   1.0000 

      Threshold       Precision          Recall        F1-Score     Skill Score         FP         FN         TP         TN
         0.3600          1.0000          1.0000          1.0000          1.0000          0          0          7        785
         0.3600          1.0000          1.0000          1.0000          1.0000          0          0          7        785
         0.2500          0.5833          1.0000          0.7368          0.9936          5          0          7        780
         0.5000          1.0000          0.8571          0.9231          0.8571          0          1          6        785
         0.7500          1.0000          0.4286          0.6000          0.4286          0          4          3        785


[Fold 4]: 
Fold Summary:  AUC -   1.0000 		AUPRC -   1.0000 

      Threshold       Precision          Recall        F1-Score     Skill Score         FP         FN         TP         TN
         0.1880          1.0000          1.0000          1.0000          1.0000          0          0          6        785
         0.1880          1.0000          1.0000          1.0000          1.0000          0          0          6        785
         0.2500          1.0000          1.0000          1.0000          1.0000          0          0          6        785
         0.5000          1.0000          0.5000          0.6667          0.5000          0          3          3        785
         0.7500          1.0000          0.3333          0.5000          0.3333          0          4          2        785


[Fold 5]: 
Fold Summary:  AUC -   0.9926 		AUPRC -   0.8577 

      Threshold       Precision          Recall        F1-Score     Skill Score         FP         FN         TP         TN
         0.2460          1.0000          0.8333          0.9091          0.8333          0          1          5        785
         0.1150          0.1463          1.0000          0.2553          0.9554         35          0          6        750
         0.2500          1.0000          0.8333          0.9091          0.8333          0          1          5        785
         0.5000          1.0000          0.5000          0.6667          0.5000          0          3          3        785
         0.7500          1.0000          0.1667          0.2857          0.1667          0          5          1        785


Complete Summary:  AUC -   0.9980 		AUPRC -   0.9049 

      Threshold       Precision          Recall        F1-Score     Skill Score         FP         FN         TP         TN
         0.3490          0.8235          0.8485          0.8358          0.8470          6          5         28       3921
         0.2120          0.6667          0.9697          0.7901          0.9656         16          1         32       3911
         0.2500          0.6889          0.9394          0.7949          0.9358         14          2         31       3913
         0.5000          0.9000          0.5455          0.6792          0.5449          2         15         18       3925
         0.7500          1.0000          0.1818          0.3077          0.1818          0         27          6       3927


Model parameters: 
{   }

