[Fold 1]: 
Fold Summary:  AUC -   0.9996 		AUPRC -   0.9683 

      Threshold       Precision          Recall        F1-Score     Skill Score         FP         FN         TP         TN
         0.3520          1.0000          0.8571          0.9231          0.8571          0          1          6        786
         0.2860          0.7778          1.0000          0.8750          0.9975          2          0          7        784
         0.2500          0.5833          1.0000          0.7368          0.9936          5          0          7        781
         0.5000          0.0000          0.0000          0.0000          0.0000          0          7          0        786
         0.7500          0.0000          0.0000          0.0000          0.0000          0          7          0        786


[Fold 2]: 
Fold Summary:  AUC -   1.0000 		AUPRC -   1.0000 

      Threshold       Precision          Recall        F1-Score     Skill Score         FP         FN         TP         TN
         0.3370          1.0000          1.0000          1.0000          1.0000          0          0          7        786
         0.3370          1.0000          1.0000          1.0000          1.0000          0          0          7        786
         0.2500          0.8750          1.0000          0.9333          0.9987          1          0          7        785
         0.5000          1.0000          0.8571          0.9231          0.8571          0          1          6        786
         0.7500          0.0000          0.0000          0.0000          0.0000          0          7          0        786


[Fold 3]: 
Fold Summary:  AUC -   0.9996 		AUPRC -   0.9683 

      Threshold       Precision          Recall        F1-Score     Skill Score         FP         FN         TP         TN
         0.3610          1.0000          0.8571          0.9231          0.8571          0          1          6        785
         0.1790          0.7778          1.0000          0.8750          0.9975          2          0          7        783
         0.2500          0.7778          1.0000          0.8750          0.9975          2          0          7        783
         0.5000          1.0000          0.8571          0.9231          0.8571          0          1          6        785
         0.7500          1.0000          0.4286          0.6000          0.4286          0          4          3        785


[Fold 4]: 
Fold Summary:  AUC -   1.0000 		AUPRC -   1.0000 

      Threshold       Precision          Recall        F1-Score     Skill Score         FP         FN         TP         TN
         0.1610          1.0000          1.0000          1.0000          1.0000          0          0          6        785
         0.1610          1.0000          1.0000          1.0000          1.0000          0          0          6        785
         0.2500          1.0000          1.0000          1.0000          1.0000          0          0          6        785
         0.5000          1.0000          0.8333          0.9091          0.8333          0          1          5        785
         0.7500          1.0000          0.3333          0.5000          0.3333          0          4          2        785


[Fold 5]: 
Fold Summary:  AUC -   0.9938 		AUPRC -   0.8021 

      Threshold       Precision          Recall        F1-Score     Skill Score         FP         FN         TP         TN
         0.1840          1.0000          0.6667          0.8000          0.6667          0          2          4        785
         0.1130          0.1875          1.0000          0.3158          0.9669         26          0          6        759
         0.2500          1.0000          0.6667          0.8000          0.6667          0          2          4        785
         0.5000          1.0000          0.5000          0.6667          0.5000          0          3          3        785
         0.7500          1.0000          0.1667          0.2857          0.1667          0          5          1        785


Complete Summary:  AUC -   0.9988 		AUPRC -   0.9569 

      Threshold       Precision          Recall        F1-Score     Skill Score         FP         FN         TP         TN
         0.3520          0.9667          0.8788          0.9206          0.8785          1          4         29       3926
         0.1150          0.2012          1.0000          0.3350          0.9666        131          0         33       3796
         0.2500          0.7949          0.9394          0.8611          0.9374          8          2         31       3919
         0.5000          1.0000          0.6061          0.7547          0.6061          0         13         20       3927
         0.7500          1.0000          0.1818          0.3077          0.1818          0         27          6       3927


Model parameters: 
{   }

