

Hyper-Parameters: 
 - powers........................: (1.62, 0.55, 0.7000000000000001, 1.23, 0.7000000000000001, 0.36, 0.34, 2.0, 1.57, 0.92, 0.7000000000000001, 0.92, 0.41000000000000003)
 - weights.......................: (0.30000000000000004, 0.25, 0.65, 0.9, 0.15000000000000002, 1.1500000000000001, 0.65, 1.5, 1.3, 0.9500000000000001, 0.8500000000000001, 0.75, 1.9500000000000002)
Fold Wise AUPRC  [0.86, 0.86, 0.86, 1.00, 0.50]
AUC -   0.9091 		AUPRC -   0.8197 

      Threshold       Precision          Recall        F1-Score     Skill Score         FP         FN         TP         TN
         0.0000          1.0000          0.8182          0.9000          0.8182          0          6         27       3927
         0.0000          1.0000          0.8182          0.9000          0.8182          0          6         27       3927
         0.2500          1.0000          0.8182          0.9000          0.8182          0          6         27       3927
         0.5000          1.0000          0.8182          0.9000          0.8182          0          6         27       3927
         0.7500          1.0000          0.8182          0.9000          0.8182          0          6         27       3927



Hyper-Parameters: 
 - powers........................: (0.76, 0.36, 0.28, 1.6600000000000001, 0.5, 0.76, 0.49, 1.24, 1.45, 1.82, 1.62, 0.78, 1.06)
 - weights.......................: (0.4, 1.1, 0.25, 1.8, 0.4, 1.8, 0.7000000000000001, 2.0, 1.5, 1.25, 1.1500000000000001, 1.1, 1.4500000000000002)
Fold Wise AUPRC  [0.64, 1.00, 1.00, 1.00, 0.50]
AUC -   0.9540 		AUPRC -   0.8029 

      Threshold       Precision          Recall        F1-Score     Skill Score         FP         FN         TP         TN
         0.0000          0.8824          0.9091          0.8955          0.9081          4          3         30       3923
         0.0000          0.8824          0.9091          0.8955          0.9081          4          3         30       3923
         0.2500          0.8824          0.9091          0.8955          0.9081          4          3         30       3923
         0.5000          0.8824          0.9091          0.8955          0.9081          4          3         30       3923
         0.7500          0.8824          0.9091          0.8955          0.9081          4          3         30       3923



Hyper-Parameters: 
 - powers........................: (0.65, 0.26, 0.74, 0.8, 0.29, 0.42, 0.25, 1.1500000000000001, 1.7, 0.63, 0.86, 0.4, 0.37)
 - weights.......................: (0.05, 0.55, 0.0, 1.7000000000000002, 0.75, 1.25, 1.85, 1.4500000000000002, 1.9500000000000002, 1.3, 1.0, 1.2000000000000002, 1.05)
Fold Wise AUPRC  [0.78, 1.00, 1.00, 0.83, 0.50]
AUC -   0.9391 		AUPRC -   0.8231 

      Threshold       Precision          Recall        F1-Score     Skill Score         FP         FN         TP         TN
         0.0000          0.9355          0.8788          0.9062          0.8783          2          4         29       3925
         0.0000          0.9355          0.8788          0.9062          0.8783          2          4         29       3925
         0.2500          0.9355          0.8788          0.9062          0.8783          2          4         29       3925
         0.5000          0.9355          0.8788          0.9062          0.8783          2          4         29       3925
         0.7500          0.9355          0.8788          0.9062          0.8783          2          4         29       3925



Hyper-Parameters: 
 - powers........................: (0.91, 1.98, 0.87, 1.02, 0.46, 0.44, 0.4, 0.92, 1.03, 1.93, 0.44, 0.66, 0.6900000000000001)
 - weights.......................: (0.35000000000000003, 1.25, 0.05, 0.7000000000000001, 0.30000000000000004, 1.4500000000000002, 0.30000000000000004, 1.75, 1.8, 1.75, 1.25, 0.4, 1.6)
Fold Wise AUPRC  [0.72, 0.86, 0.86, 1.00, 0.50]
AUC -   0.8939 		AUPRC -   0.7896 

      Threshold       Precision          Recall        F1-Score     Skill Score         FP         FN         TP         TN
         0.0000          1.0000          0.7879          0.8814          0.7879          0          7         26       3927
         0.0000          1.0000          0.7879          0.8814          0.7879          0          7         26       3927
         0.2500          1.0000          0.7879          0.8814          0.7879          0          7         26       3927
         0.5000          1.0000          0.7879          0.8814          0.7879          0          7         26       3927
         0.7500          1.0000          0.7879          0.8814          0.7879          0          7         26       3927



Hyper-Parameters: 
 - powers........................: (1.18, 0.47000000000000003, 0.53, 0.86, 0.61, 0.33, 0.36, 1.53, 0.9400000000000001, 1.34, 0.61, 0.73, 1.33)
 - weights.......................: (0.75, 0.35000000000000003, 0.9, 1.55, 0.0, 1.7000000000000002, 1.0, 0.1, 1.4500000000000002, 0.7000000000000001, 0.9500000000000001, 0.30000000000000004, 1.8)
Fold Wise AUPRC  [0.46, 0.72, 0.86, 0.67, 0.34]
AUC -   0.8181 		AUPRC -   0.6105 

      Threshold       Precision          Recall        F1-Score     Skill Score         FP         FN         TP         TN
         0.0000          0.9545          0.6364          0.7636          0.6361          1         12         21       3926
         0.0000          0.9545          0.6364          0.7636          0.6361          1         12         21       3926
         0.2500          0.9545          0.6364          0.7636          0.6361          1         12         21       3926
         0.5000          0.9545          0.6364          0.7636          0.6361          1         12         21       3926
         0.7500          0.9545          0.6364          0.7636          0.6361          1         12         21       3926



Hyper-Parameters: 
 - powers........................: (1.04, 0.59, 0.43, 0.96, 0.38, 0.86, 0.5, 0.3, 1.1400000000000001, 1.01, 0.68, 0.68, 0.56)
 - weights.......................: (0.8, 0.75, 0.8, 1.3, 0.8, 1.6, 0.45, 1.35, 1.1, 1.9500000000000002, 1.4500000000000002, 0.9500000000000001, 1.85)
Fold Wise AUPRC  [0.88, 0.86, 0.86, 1.00, 0.50]
AUC -   0.9241 		AUPRC -   0.8205 

      Threshold       Precision          Recall        F1-Score     Skill Score         FP         FN         TP         TN
         0.0000          0.9655          0.8485          0.9032          0.8482          1          5         28       3926
         0.0000          0.9655          0.8485          0.9032          0.8482          1          5         28       3926
         0.2500          0.9655          0.8485          0.9032          0.8482          1          5         28       3926
         0.5000          0.9655          0.8485          0.9032          0.8482          1          5         28       3926
         0.7500          0.9655          0.8485          0.9032          0.8482          1          5         28       3926



Hyper-Parameters: 
 - powers........................: (1.5, 0.62, 1.07, 0.58, 0.87, 0.5, 0.42, 1.3900000000000001, 1.28, 1.1300000000000001, 0.47000000000000003, 0.44, 0.44)
 - weights.......................: (0.6000000000000001, 0.2, 0.4, 1.4500000000000002, 0.25, 1.9500000000000002, 1.25, 1.4000000000000001, 0.9500000000000001, 1.6, 0.30000000000000004, 1.05, 1.3)
Fold Wise AUPRC  [0.88, 0.86, 0.86, 0.83, 0.50]
AUC -   0.9090 		AUPRC -   0.7905 

      Threshold       Precision          Recall        F1-Score     Skill Score         FP         FN         TP         TN
         0.0000          0.9643          0.8182          0.8852          0.8179          1          6         27       3926
         0.0000          0.9643          0.8182          0.8852          0.8179          1          6         27       3926
         0.2500          0.9643          0.8182          0.8852          0.8179          1          6         27       3926
         0.5000          0.9643          0.8182          0.8852          0.8179          1          6         27       3926
         0.7500          0.9643          0.8182          0.8852          0.8179          1          6         27       3926



Hyper-Parameters: 
 - powers........................: (0.9400000000000001, 0.67, 0.93, 1.35, 0.42, 0.55, 1.06, 1.6500000000000001, 1.3900000000000001, 0.87, 1.85, 0.38, 0.49)
 - weights.......................: (0.5, 0.5, 0.15000000000000002, 2.0, 0.6000000000000001, 1.85, 0.9, 1.2000000000000002, 1.9500000000000002, 1.8, 1.1, 0.7000000000000001, 1.5)
Fold Wise AUPRC  [0.78, 0.86, 1.00, 1.00, 0.50]
AUC -   0.9391 		AUPRC -   0.8231 

      Threshold       Precision          Recall        F1-Score     Skill Score         FP         FN         TP         TN
         0.0000          0.9355          0.8788          0.9062          0.8783          2          4         29       3925
         0.0000          0.9355          0.8788          0.9062          0.8783          2          4         29       3925
         0.2500          0.9355          0.8788          0.9062          0.8783          2          4         29       3925
         0.5000          0.9355          0.8788          0.9062          0.8783          2          4         29       3925
         0.7500          0.9355          0.8788          0.9062          0.8783          2          4         29       3925



Hyper-Parameters: 
 - powers........................: (0.71, 1.01, 0.98, 0.74, 0.52, 0.31, 0.5700000000000001, 1.78, 1.54, 0.78, 0.3, 0.5, 1.21)
 - weights.......................: (0.7000000000000001, 1.35, 0.30000000000000004, 1.2000000000000002, 0.2, 1.25, 0.6000000000000001, 1.9000000000000001, 1.4000000000000001, 1.6500000000000001, 0.4, 0.8500000000000001, 2.0)
Fold Wise AUPRC  [0.78, 0.86, 1.00, 1.00, 0.50]
AUC -   0.9391 		AUPRC -   0.8231 

      Threshold       Precision          Recall        F1-Score     Skill Score         FP         FN         TP         TN
         0.0000          0.9355          0.8788          0.9062          0.8783          2          4         29       3925
         0.0000          0.9355          0.8788          0.9062          0.8783          2          4         29       3925
         0.2500          0.9355          0.8788          0.9062          0.8783          2          4         29       3925
         0.5000          0.9355          0.8788          0.9062          0.8783          2          4         29       3925
         0.7500          0.9355          0.8788          0.9062          0.8783          2          4         29       3925



Hyper-Parameters: 
 - powers........................: (1.0, 1.45, 0.39, 1.9000000000000001, 0.54, 0.67, 0.28, 0.58, 1.2, 1.26, 0.77, 1.24, 0.65)
 - weights.......................: (0.9, 0.9500000000000001, 0.55, 1.9000000000000001, 0.4, 0.9500000000000001, 0.75, 1.6500000000000001, 1.6, 0.8500000000000001, 1.35, 1.1500000000000001, 0.9500000000000001)
Fold Wise AUPRC  [0.70, 1.00, 1.00, 1.00, 0.50]
AUC -   0.9542 		AUPRC -   0.8272 

      Threshold       Precision          Recall        F1-Score     Skill Score         FP         FN         TP         TN
         0.0000          0.9091          0.9091          0.9091          0.9083          3          3         30       3924
         0.0000          0.9091          0.9091          0.9091          0.9083          3          3         30       3924
         0.2500          0.9091          0.9091          0.9091          0.9083          3          3         30       3924
         0.5000          0.9091          0.9091          0.9091          0.9083          3          3         30       3924
         0.7500          0.9091          0.9091          0.9091          0.9083          3          3         30       3924



Hyper-Parameters: 
 - powers........................: (1.57, 0.28, 0.67, 0.67, 0.36, 0.38, 0.33, 0.86, 1.06, 1.74, 0.9400000000000001, 1.58, 0.54)
 - weights.......................: (0.45, 0.1, 1.0, 1.6, 0.45, 1.5, 1.1500000000000001, 1.6, 1.75, 0.05, 0.55, 0.05, 0.15000000000000002)
Fold Wise AUPRC  [0.45, 0.86, 0.86, 0.67, 0.34]
AUC -   0.8481 		AUPRC -   0.6191 

      Threshold       Precision          Recall        F1-Score     Skill Score         FP         FN         TP         TN
         0.0000          0.8846          0.6970          0.7797          0.6962          3         10         23       3924
         0.0000          0.8846          0.6970          0.7797          0.6962          3         10         23       3924
         0.2500          0.8846          0.6970          0.7797          0.6962          3         10         23       3924
         0.5000          0.8846          0.6970          0.7797          0.6962          3         10         23       3924
         0.7500          0.8846          0.6970          0.7797          0.6962          3         10         23       3924



Hyper-Parameters: 
 - powers........................: (1.69, 0.84, 0.62, 0.7000000000000001, 0.27, 0.34, 0.3, 1.9000000000000001, 1.98, 1.9000000000000001, 1.29, 0.63, 0.34)
 - weights.......................: (0.65, 1.3, 0.6000000000000001, 1.75, 0.65, 1.05, 0.4, 1.85, 1.2000000000000002, 1.1, 0.7000000000000001, 0.45, 1.35)
Fold Wise AUPRC  [0.70, 0.86, 1.00, 0.67, 0.50]
AUC -   0.9087 		AUPRC -   0.7379 

      Threshold       Precision          Recall        F1-Score     Skill Score         FP         FN         TP         TN
         0.0000          0.9000          0.8182          0.8571          0.8174          3          6         27       3924
         0.0000          0.9000          0.8182          0.8571          0.8174          3          6         27       3924
         0.2500          0.9000          0.8182          0.8571          0.8174          3          6         27       3924
         0.5000          0.9000          0.8182          0.8571          0.8174          3          6         27       3924
         0.7500          0.9000          0.8182          0.8571          0.8174          3          6         27       3924



Hyper-Parameters: 
 - powers........................: (1.4000000000000001, 1.11, 0.58, 1.74, 2.0, 0.61, 0.53, 0.39, 1.67, 1.51, 1.2, 0.75, 0.6)
 - weights.......................: (0.0, 1.05, 0.75, 1.25, 0.35000000000000003, 1.35, 0.5, 1.7000000000000002, 1.9000000000000001, 2.0, 0.05, 0.55, 1.9000000000000001)
Fold Wise AUPRC  [0.88, 0.72, 0.86, 1.00, 0.50]
AUC -   0.9090 		AUPRC -   0.7905 

      Threshold       Precision          Recall        F1-Score     Skill Score         FP         FN         TP         TN
         0.0000          0.9643          0.8182          0.8852          0.8179          1          6         27       3926
         0.0000          0.9643          0.8182          0.8852          0.8179          1          6         27       3926
         0.2500          0.9643          0.8182          0.8852          0.8179          1          6         27       3926
         0.5000          0.9643          0.8182          0.8852          0.8179          1          6         27       3926
         0.7500          0.9643          0.8182          0.8852          0.8179          1          6         27       3926



Hyper-Parameters: 
 - powers........................: (2.0, 0.52, 0.8200000000000001, 1.52, 0.3, 1.03, 1.5, 1.28, 1.77, 0.56, 0.62, 0.32, 0.74)
 - weights.......................: (0.2, 0.9, 0.9, 1.35, 0.9, 1.1500000000000001, 0.05, 0.9, 1.3, 1.4500000000000002, 0.9, 0.65, 1.6500000000000001)
Fold Wise AUPRC  [0.58, 0.72, 0.86, 0.67, 0.50]
AUC -   0.8333 		AUPRC -   0.6694 

