

Hyper-Parameters: 
 - powers........................: (1.6300000000000001, 0.63, 1.72, 1.2, 1.62)
 - weights.......................: (2.0, 1.05, 1.35, 1.8, 0.0)
Fold Wise AUPRC  [0.28, 0.58, 0.34, 0.60, 0.17]
AUC -   0.9887 		AUPRC -   0.3134 

      Threshold       Precision          Recall        F1-Score     Skill Score         FP         FN         TP         TN
         0.9920          0.3295          0.8788          0.4793          0.8638         59          4         29       3868
         0.4290          0.1507          1.0000          0.2619          0.9526        186          0         33       3741
         0.2500          0.1196          1.0000          0.2136          0.9381        243          0         33       3684
         0.5000          0.1553          0.9697          0.2678          0.9254        174          1         32       3753
         0.7500          0.1847          0.8788          0.3053          0.8462        128          4         29       3799



Hyper-Parameters: 
 - powers........................: (1.17, 0.45, 0.98, 0.25, 1.26)
 - weights.......................: (1.1500000000000001, 1.6500000000000001, 0.35000000000000003, 1.6500000000000001, 0.2)
Fold Wise AUPRC  [0.19, 0.24, 0.15, 0.31, 0.22]
AUC -   0.9825 		AUPRC -   0.2071 

      Threshold       Precision          Recall        F1-Score     Skill Score         FP         FN         TP         TN
         0.9940          0.2148          0.8788          0.3452          0.8518        106          4         29       3821
         0.2760          0.1341          1.0000          0.2366          0.9458        213          0         33       3714
         0.2500          0.1269          1.0000          0.2253          0.9422        227          0         33       3700
         0.5000          0.1456          0.9091          0.2510          0.8643        176          3         30       3751
         0.7500          0.1754          0.9091          0.2941          0.8732        141          3         30       3786



Hyper-Parameters: 
 - powers........................: (1.27, 0.9, 0.52, 1.54, 0.32)
 - weights.......................: (1.5, 0.65, 0.9500000000000001, 1.35, 1.35)
Fold Wise AUPRC  [0.26, 0.88, 0.13, 0.08, 0.16]
AUC -   0.9783 		AUPRC -   0.1651 

      Threshold       Precision          Recall        F1-Score     Skill Score         FP         FN         TP         TN
         0.9980          0.1667          0.9697          0.2844          0.9290        160          1         32       3767
         0.6520          0.1166          1.0000          0.2089          0.9363        250          0         33       3677
         0.2500          0.0578          1.0000          0.1093          0.8630        538          0         33       3389
         0.5000          0.0819          1.0000          0.1514          0.9058        370          0         33       3557
         0.7500          0.1231          0.9697          0.2184          0.9116        228          1         32       3699



Hyper-Parameters: 
 - powers........................: (0.77, 0.6900000000000001, 1.94, 1.33, 0.27)
 - weights.......................: (0.45, 0.5, 1.2000000000000002, 0.9500000000000001, 0.35000000000000003)
Fold Wise AUPRC  [0.29, 0.85, 0.72, 0.94, 0.77]
AUC -   0.9933 		AUPRC -   0.5114 

      Threshold       Precision          Recall        F1-Score     Skill Score         FP         FN         TP         TN
         0.4970          0.6333          0.5758          0.6032          0.5730         11         14         19       3916
         0.3490          0.1587          1.0000          0.2739          0.9554        175          0         33       3752
         0.2500          0.0621          1.0000          0.1170          0.8732        498          0         33       3429
         0.5000          0.7059          0.3636          0.4800          0.3624          5         21         12       3922
         0.7500          0.5833          0.2121          0.3111          0.2108          5         26          7       3922



Hyper-Parameters: 
 - powers........................: (0.44, 0.66, 1.6, 0.98, 0.32)
 - weights.......................: (0.1, 0.4, 0.35000000000000003, 1.6, 1.6500000000000001)
Fold Wise AUPRC  [0.35, 0.88, 0.12, 0.07, 0.46]
AUC -   0.9764 		AUPRC -   0.1606 

      Threshold       Precision          Recall        F1-Score     Skill Score         FP         FN         TP         TN
         0.9900          0.1657          0.9091          0.2804          0.8706        151          3         30       3776
         0.3770          0.0979          1.0000          0.1784          0.9226        304          0         33       3623
         0.2500          0.0676          1.0000          0.1267          0.8841        455          0         33       3472
         0.5000          0.1174          0.9394          0.2088          0.8801        233          2         31       3694
         0.7500          0.1339          0.9091          0.2335          0.8597        194          3         30       3733



Hyper-Parameters: 
 - powers........................: (0.49, 1.25, 0.53, 1.16, 1.48)
 - weights.......................: (1.1, 1.05, 1.3, 1.35, 0.9500000000000001)
Fold Wise AUPRC  [0.32, 0.53, 0.40, 0.80, 0.24]
AUC -   0.9927 		AUPRC -   0.3742 

      Threshold       Precision          Recall        F1-Score     Skill Score         FP         FN         TP         TN
         0.9990          0.3750          0.8182          0.5143          0.8067         45          6         27       3882
         0.9420          0.3300          1.0000          0.4962          0.9829         67          0         33       3860
         0.2500          0.0567          1.0000          0.1073          0.8602        549          0         33       3378
         0.5000          0.0780          1.0000          0.1447          0.9007        390          0         33       3537
         0.7500          0.1162          1.0000          0.2082          0.9361        251          0         33       3676



Hyper-Parameters: 
 - powers........................: (0.52, 0.93, 0.28, 1.72, 0.53)
 - weights.......................: (0.2, 1.1, 1.75, 0.35000000000000003, 1.2000000000000002)
Fold Wise AUPRC  [0.28, 0.47, 0.14, 0.10, 0.86]
AUC -   0.9833 		AUPRC -   0.2034 

      Threshold       Precision          Recall        F1-Score     Skill Score         FP         FN         TP         TN
         0.9990          0.2053          0.9394          0.3370          0.9088        120          2         31       3807
         0.9350          0.1728          1.0000          0.2946          0.9598        158          0         33       3769
         0.2500          0.0637          1.0000          0.1198          0.8765        485          0         33       3442
         0.5000          0.0862          1.0000          0.1587          0.9109        350          0         33       3577
         0.7500          0.1146          1.0000          0.2056          0.9351        255          0         33       3672



Hyper-Parameters: 
 - powers........................: (1.24, 0.27, 0.73, 1.1400000000000001, 0.34)
 - weights.......................: (0.30000000000000004, 1.2000000000000002, 1.1, 0.35000000000000003, 0.6000000000000001)
Fold Wise AUPRC  [0.29, 0.21, 0.16, 0.50, 0.82]
AUC -   0.9867 		AUPRC -   0.2814 

      Threshold       Precision          Recall        F1-Score     Skill Score         FP         FN         TP         TN
         0.9990          0.3182          0.6364          0.4242          0.6249         45         12         21       3882
         0.5810          0.1658          1.0000          0.2845          0.9577        166          0         33       3761
         0.2500          0.0575          1.0000          0.1087          0.8622        541          0         33       3386
         0.5000          0.1075          1.0000          0.1941          0.9302        274          0         33       3653
         0.7500          0.2033          0.7576          0.3205          0.7326         98          8         25       3829



Hyper-Parameters: 
 - powers........................: (0.28, 0.81, 0.38, 0.33, 0.34)
 - weights.......................: (0.6000000000000001, 0.05, 2.0, 0.9, 1.8)
Fold Wise AUPRC  [0.38, 0.88, 0.12, 0.07, 0.40]
AUC -   0.9766 		AUPRC -   0.1591 

      Threshold       Precision          Recall        F1-Score     Skill Score         FP         FN         TP         TN
         0.9980          0.1630          0.9091          0.2765          0.8699        154          3         30       3773
         0.4290          0.1006          1.0000          0.1828          0.9249        295          0         33       3632
         0.2500          0.0859          1.0000          0.1583          0.9106        351          0         33       3576
         0.5000          0.1056          0.9697          0.1905          0.9007        271          1         32       3656
         0.7500          0.1333          0.9091          0.2326          0.8594        195          3         30       3732



Hyper-Parameters: 
 - powers........................: (0.72, 1.07, 0.44, 0.98, 0.37)
 - weights.......................: (0.05, 0.9500000000000001, 0.65, 0.7000000000000001, 0.45)
Fold Wise AUPRC  [0.49, 0.51, 0.39, 0.81, 0.72]
AUC -   0.9871 		AUPRC -   0.4335 

      Threshold       Precision          Recall        F1-Score     Skill Score         FP         FN         TP         TN
         0.8950          0.4857          0.5152          0.5000          0.5106         18         16         17       3909
         0.4390          0.1542          1.0000          0.2672          0.9539        181          0         33       3746
         0.2500          0.0633          1.0000          0.1191          0.8757        488          0         33       3439
         0.5000          0.1788          0.8182          0.2935          0.7866        124          6         27       3803
         0.7500          0.2500          0.6970          0.3680          0.6794         69         10         23       3858



Hyper-Parameters: 
 - powers........................: (0.75, 0.42, 0.9400000000000001, 1.1500000000000001, 0.29)
 - weights.......................: (1.4000000000000001, 1.9000000000000001, 0.05, 1.9500000000000002, 0.4)
Fold Wise AUPRC  [0.17, 0.23, 0.15, 0.28, 0.19]
AUC -   0.9813 		AUPRC -   0.1893 

      Threshold       Precision          Recall        F1-Score     Skill Score         FP         FN         TP         TN
         0.9830          0.1933          0.8788          0.3169          0.8480        121          4         29       3806
         0.3990          0.1507          1.0000          0.2619          0.9526        186          0         33       3741
         0.2500          0.0620          1.0000          0.1168          0.8729        499          0         33       3428
         0.5000          0.1485          0.9091          0.2553          0.8653        172          3         30       3755
         0.7500          0.1714          0.9091          0.2885          0.8722        145          3         30       3782



Hyper-Parameters: 
 - powers........................: (0.35000000000000003, 1.7, 0.75, 1.94, 1.25)
 - weights.......................: (1.75, 1.05, 0.1, 1.55, 1.85)
Fold Wise AUPRC  [0.24, 0.54, 0.10, 0.06, 0.17]
AUC -   0.9736 		AUPRC -   0.1375 

      Threshold       Precision          Recall        F1-Score     Skill Score         FP         FN         TP         TN
         0.9990          0.1369          1.0000          0.2409          0.9470        208          0         33       3719
         0.9990          0.1369          1.0000          0.2409          0.9470        208          0         33       3719
         0.2500          0.0608          1.0000          0.1146          0.8701        510          0         33       3417
         0.5000          0.0775          1.0000          0.1438          0.8999        393          0         33       3534
         0.7500          0.0948          1.0000          0.1732          0.9198        315          0         33       3612



Hyper-Parameters: 
 - powers........................: (0.35000000000000003, 0.36, 1.59, 1.4000000000000001, 0.47000000000000003)
 - weights.......................: (0.9, 0.9, 0.05, 1.9000000000000001, 0.0)
Fold Wise AUPRC  [1.00, 0.82, 0.66, 0.82, 0.52]
AUC -   0.9913 		AUPRC -   0.7121 

      Threshold       Precision          Recall        F1-Score     Skill Score         FP         FN         TP         TN
         0.8980          0.7273          0.7273          0.7273          0.7250          9          9         24       3918
         0.0840          0.0859          1.0000          0.1583          0.9106        351          0         33       3576
         0.2500          0.1107          0.9394          0.1981          0.8760        249          2         31       3678
         0.5000          0.1523          0.9091          0.2609          0.8666        167          3         30       3760
         0.7500          0.2358          0.8788          0.3718          0.8549         94          4         29       3833



Hyper-Parameters: 
 - powers........................: (1.58, 1.6500000000000001, 0.47000000000000003, 1.1400000000000001, 0.26)
 - weights.......................: (0.55, 0.45, 0.5, 1.55, 1.55)
Fold Wise AUPRC  [0.37, 0.88, 0.12, 0.07, 0.44]
AUC -   0.9777 		AUPRC -   0.1682 

      Threshold       Precision          Recall        F1-Score     Skill Score         FP         FN         TP         TN
         0.9970          0.1734          0.9091          0.2913          0.8727        143          3         30       3784
         0.4490          0.1015          1.0000          0.1844          0.9256        292          0         33       3635
         0.2500          0.0596          1.0000          0.1124          0.8673        521          0         33       3406
         0.5000          0.1070          0.9697          0.1928          0.9017        267          1         32       3660
         0.7500          0.1351          0.9091          0.2353          0.8602        192          3         30       3735



Hyper-Parameters: 
 - powers........................: (0.9500000000000001, 0.56, 1.1400000000000001, 0.51, 0.32)
 - weights.......................: (1.2000000000000002, 1.7000000000000002, 1.5, 0.65, 0.15000000000000002)
Fold Wise AUPRC  [0.17, 0.23, 0.16, 0.31, 0.20]
AUC -   0.9826 		AUPRC -   0.2001 

      Threshold       Precision          Recall        F1-Score     Skill Score         FP         FN         TP         TN
         0.9930          0.2042          0.8788          0.3314          0.8500        113          4         29       3814
         0.4840          0.1564          1.0000          0.2705          0.9547        178          0         33       3749
         0.2500          0.1274          1.0000          0.2260          0.9424        226          0         33       3701
         0.5000          0.1531          0.9697          0.2645          0.9246        177          1         32       3750
         0.7500          0.1782          0.9394          0.2995          0.9030        143          2         31       3784



Hyper-Parameters: 
 - powers........................: (0.77, 0.36, 0.68, 1.81, 0.56)
 - weights.......................: (0.30000000000000004, 0.65, 0.8, 0.45, 0.75)
Fold Wise AUPRC  [0.42, 1.00, 1.00, 0.76, 0.96]
AUC -   0.9937 		AUPRC -   0.7000 

      Threshold       Precision          Recall        F1-Score     Skill Score         FP         FN         TP         TN
         0.7490          0.8889          0.7273          0.8000          0.7265          3          9         24       3924
         0.5900          0.1441          1.0000          0.2519          0.9501        196          0         33       3731
         0.2500          0.0559          1.0000          0.1059          0.8582        557          0         33       3370
         0.5000          0.1009          1.0000          0.1833          0.9251        294          0         33       3633
         0.7500          0.3333          0.0303          0.0556          0.0298          2         32          1       3925



Hyper-Parameters: 
 - powers........................: (0.3, 1.04, 0.44, 1.3, 0.41000000000000003)
 - weights.......................: (1.1, 1.7000000000000002, 0.2, 2.0, 0.55)
Fold Wise AUPRC  [0.19, 0.23, 0.16, 0.31, 0.23]
AUC -   0.9833 		AUPRC -   0.2091 

      Threshold       Precision          Recall        F1-Score     Skill Score         FP         FN         TP         TN
         0.9990          0.2148          0.8788          0.3452          0.8518        106          4         29       3821
         0.5490          0.1642          1.0000          0.2821          0.9572        168          0         33       3759
         0.2500          0.0580          1.0000          0.1096          0.8635        536          0         33       3391
         0.5000          0.1086          1.0000          0.1958          0.9310        271          0         33       3656
         0.7500          0.1765          0.9091          0.2956          0.8734        140          3         30       3787



Hyper-Parameters: 
 - powers........................: (0.7000000000000001, 1.1500000000000001, 0.56, 0.56, 0.58)
 - weights.......................: (1.35, 1.6, 0.2, 1.25, 0.35000000000000003)
Fold Wise AUPRC  [0.17, 0.24, 0.16, 0.31, 0.19]
AUC -   0.9819 		AUPRC -   0.1981 

      Threshold       Precision          Recall        F1-Score     Skill Score         FP         FN         TP         TN
         0.9910          0.2042          0.8788          0.3314          0.8500        113          4         29       3814
         0.3490          0.1398          1.0000          0.2454          0.9483        203          0         33       3724
         0.2500          0.0645          1.0000          0.1211          0.8780        479          0         33       3448
         0.5000          0.1456          0.9091          0.2510          0.8643        176          3         30       3751
         0.7500          0.1765          0.9091          0.2956          0.8734        140          3         30       3787



Hyper-Parameters: 
 - powers........................: (0.78, 1.03, 1.1400000000000001, 1.98, 1.58)
 - weights.......................: (0.25, 1.9500000000000002, 1.9500000000000002, 1.3, 0.25)
Fold Wise AUPRC  [0.17, 0.20, 0.13, 0.30, 0.82]
AUC -   0.9831 		AUPRC -   0.2070 

      Threshold       Precision          Recall        F1-Score     Skill Score         FP         FN         TP         TN
         0.7430          0.2086          0.8788          0.3372          0.8508        110          4         29       3817
         0.2490          0.1528          1.0000          0.2651          0.9534        183          0         33       3744
         0.2500          0.1579          0.9091          0.2691          0.8683        160          3         30       3767
         0.5000          0.1911          0.9091          0.3158          0.8768        127          3         30       3800
         0.7500          0.2029          0.8485          0.3275          0.8205        110          5         28       3817



Hyper-Parameters: 
 - powers........................: (0.48, 1.05, 0.38, 1.93, 0.92)
 - weights.......................: (0.5, 0.7000000000000001, 1.4500000000000002, 1.3, 1.5)
Fold Wise AUPRC  [0.34, 0.88, 0.13, 0.07, 0.58]
AUC -   0.9786 		AUPRC -   0.1733 

      Threshold       Precision          Recall        F1-Score     Skill Score         FP         FN         TP         TN
         0.9970          0.1765          0.9091          0.2956          0.8734        140          3         30       3787
         0.6290          0.1150          1.0000          0.2063          0.9353        254          0         33       3673
         0.2500          0.0579          1.0000          0.1095          0.8633        537          0         33       3390
         0.5000          0.0909          1.0000          0.1667          0.9160        330          0         33       3597
         0.7500          0.1357          0.9091          0.2362          0.8605        191          3         30       3736



Hyper-Parameters: 
 - powers........................: (0.36, 0.26, 1.4000000000000001, 0.75, 0.8300000000000001)
 - weights.......................: (0.75, 0.15000000000000002, 0.8500000000000001, 0.05, 0.8500000000000001)
Fold Wise AUPRC  [0.73, 1.00, 1.00, 0.77, 0.86]
AUC -   0.9947 		AUPRC -   0.8463 

      Threshold       Precision          Recall        F1-Score     Skill Score         FP         FN         TP         TN
         0.8470          0.9231          0.7273          0.8136          0.7268          2          9         24       3925
         0.7470          0.2336          0.9697          0.3765          0.9430        105          1         32       3822
         0.2500          0.0769          1.0000          0.1429          0.8992        396          0         33       3531
         0.5000          0.1088          0.9697          0.1957          0.9030        262          1         32       3665
         0.7500          0.2358          0.8788          0.3718          0.8549         94          4         29       3833



Hyper-Parameters: 
 - powers........................: (0.6, 0.26, 1.35, 0.6900000000000001, 0.78)
 - weights.......................: (0.8500000000000001, 0.1, 0.8, 0.0, 0.8)
Fold Wise AUPRC  [1.00, 0.98, 0.87, 0.95, 0.63]
AUC -   0.9963 		AUPRC -   0.8137 

      Threshold       Precision          Recall        F1-Score     Skill Score         FP         FN         TP         TN
         0.8370          0.6667          0.7879          0.7222          0.7846         13          7         26       3914
         0.7950          0.5000          0.9697          0.6598          0.9615         32          1         32       3895
         0.2500          0.0769          1.0000          0.1429          0.8992        396          0         33       3531
         0.5000          0.1107          1.0000          0.1994          0.9325        265          0         33       3662
         0.7500          0.2481          0.9697          0.3951          0.9450         97          1         32       3830



Hyper-Parameters: 
 - powers........................: (0.37, 0.32, 0.64, 0.45, 0.72)
 - weights.......................: (0.65, 0.2, 0.9500000000000001, 0.05, 0.8)
Fold Wise AUPRC  [0.39, 1.00, 1.00, 0.76, 0.85]
AUC -   0.9931 		AUPRC -   0.6263 

      Threshold       Precision          Recall        F1-Score     Skill Score         FP         FN         TP         TN
         0.7990          0.8276          0.7273          0.7742          0.7260          5          9         24       3922
         0.6490          0.1839          0.9697          0.3092          0.9335        142          1         32       3785
         0.2500          0.0766          1.0000          0.1422          0.8987        398          0         33       3529
         0.5000          0.1115          0.9697          0.2000          0.9048        255          1         32       3672
         0.7500          0.3118          0.8788          0.4603          0.8625         64          4         29       3863



Hyper-Parameters: 
 - powers........................: (1.02, 0.31, 0.84, 0.77, 0.9500000000000001)
 - weights.......................: (0.75, 0.2, 0.7000000000000001, 0.25, 1.05)
Fold Wise AUPRC  [0.48, 1.00, 0.26, 0.17, 0.85]
AUC -   0.9889 		AUPRC -   0.3433 

      Threshold       Precision          Recall        F1-Score     Skill Score         FP         FN         TP         TN
         0.9930          0.3636          0.8485          0.5091          0.8360         49          5         28       3878
         0.4930          0.1058          1.0000          0.1913          0.9290        279          0         33       3648
         0.2500          0.0789          1.0000          0.1463          0.9020        385          0         33       3542
         0.5000          0.1032          0.9697          0.1866          0.8989        278          1         32       3649
         0.7500          0.1639          0.9091          0.2778          0.8701        153          3         30       3774



Hyper-Parameters: 
 - powers........................: (0.62, 0.48, 0.26, 0.25, 0.58)
 - weights.......................: (0.0, 0.7000000000000001, 0.8, 0.6000000000000001, 0.75)
Fold Wise AUPRC  [0.42, 1.00, 1.00, 0.77, 0.98]
AUC -   0.9947 		AUPRC -   0.7047 

      Threshold       Precision          Recall        F1-Score     Skill Score         FP         FN         TP         TN
         0.7490          0.8889          0.7273          0.8000          0.7265          3          9         24       3924
         0.6310          0.1618          1.0000          0.2785          0.9565        171          0         33       3756
         0.2500          0.0606          1.0000          0.1142          0.8696        512          0         33       3415
         0.5000          0.0985          1.0000          0.1793          0.9231        302          0         33       3625
         0.7500          0.3333          0.0303          0.0556          0.0298          2         32          1       3925



Hyper-Parameters: 
 - powers........................: (0.26, 0.5, 0.27, 0.34, 1.04)
 - weights.......................: (0.0, 1.35, 0.55, 0.1, 1.1)
Fold Wise AUPRC  [0.29, 0.26, 0.13, 0.12, 0.86]
AUC -   0.9836 		AUPRC -   0.2037 

      Threshold       Precision          Recall        F1-Score     Skill Score         FP         FN         TP         TN
         0.9990          0.2037          1.0000          0.3385          0.9672        129          0         33       3798
         0.9990          0.2037          1.0000          0.3385          0.9672        129          0         33       3798
         0.2500          0.0646          1.0000          0.1213          0.8783        478          0         33       3449
         0.5000          0.0857          1.0000          0.1579          0.9104        352          0         33       3575
         0.7500          0.1122          1.0000          0.2018          0.9335        261          0         33       3666



Hyper-Parameters: 
 - powers........................: (2.0, 0.37, 1.31, 0.76, 0.65)
 - weights.......................: (0.4, 0.30000000000000004, 1.1, 0.2, 1.25)
Fold Wise AUPRC  [0.39, 1.00, 0.17, 0.08, 0.71]
AUC -   0.9811 		AUPRC -   0.2072 

      Threshold       Precision          Recall        F1-Score     Skill Score         FP         FN         TP         TN
         0.9990          0.2180          0.8788          0.3494          0.8523        104          4         29       3823
         0.3200          0.0899          1.0000          0.1650          0.9149        334          0         33       3593
         0.2500          0.0655          1.0000          0.1229          0.8801        471          0         33       3456
         0.5000          0.1170          0.9394          0.2081          0.8798        234          2         31       3693
         0.7500          0.1449          0.9091          0.2500          0.8640        177          3         30       3750



Hyper-Parameters: 
 - powers........................: (0.58, 0.25, 0.25, 0.27, 2.0)
 - weights.......................: (1.6, 1.4000000000000001, 0.9, 0.6000000000000001, 0.9500000000000001)
Fold Wise AUPRC  [0.21, 0.25, 0.20, 0.36, 0.18]
AUC -   0.9852 		AUPRC -   0.2213 

      Threshold       Precision          Recall        F1-Score     Skill Score         FP         FN         TP         TN
         0.9490          0.2254          0.9697          0.3657          0.9417        110          1         32       3817
         0.9420          0.2215          1.0000          0.3626          0.9705        116          0         33       3811
         0.2500          0.0581          1.0000          0.1098          0.8638        535          0         33       3392
         0.5000          0.0773          1.0000          0.1435          0.8997        394          0         33       3533
         0.7500          0.1093          1.0000          0.1970          0.9315        269          0         33       3658



Hyper-Parameters: 
 - powers........................: (0.41000000000000003, 0.53, 1.94, 0.63, 0.78)
 - weights.......................: (1.9000000000000001, 0.8, 0.45, 0.8500000000000001, 0.65)
Fold Wise AUPRC  [0.32, 0.88, 0.66, 0.62, 0.15]
AUC -   0.9911 		AUPRC -   0.3630 

      Threshold       Precision          Recall        F1-Score     Skill Score         FP         FN         TP         TN
         0.7980          0.3836          0.8485          0.5283          0.8370         45          5         28       3882
         0.6470          0.2171          1.0000          0.3568          0.9697        119          0         33       3808
         0.2500          0.0555          1.0000          0.1051          0.8569        562          0         33       3365
         0.5000          0.0904          1.0000          0.1658          0.9155        332          0         33       3595
         0.7500          0.3053          0.8788          0.4531          0.8620         66          4         29       3861



Hyper-Parameters: 
 - powers........................: (0.3, 0.3, 1.4000000000000001, 0.38, 0.47000000000000003)
 - weights.......................: (0.9500000000000001, 0.0, 1.6500000000000001, 0.5, 0.8500000000000001)
Fold Wise AUPRC  [0.46, 1.00, 0.91, 0.95, 0.63]
AUC -   0.9955 		AUPRC -   0.6335 

      Threshold       Precision          Recall        F1-Score     Skill Score         FP         FN         TP         TN
         0.9480          0.6579          0.7576          0.7042          0.7543         13          8         25       3914
         0.8440          0.4571          0.9697          0.6214          0.9600         38          1         32       3889
         0.2500          0.0773          1.0000          0.1435          0.8997        394          0         33       3533
         0.5000          0.1100          1.0000          0.1982          0.9320        267          0         33       3660
         0.7500          0.1951          0.9697          0.3249          0.9361        132          1         32       3795



Hyper-Parameters: 
 - powers........................: (0.6, 0.45, 0.32, 0.8300000000000001, 1.1300000000000001)
 - weights.......................: (0.75, 0.55, 0.65, 1.1, 0.0)
Fold Wise AUPRC  [1.00, 0.98, 0.68, 0.83, 0.62]
AUC -   0.9940 		AUPRC -   0.7738 

      Threshold       Precision          Recall        F1-Score     Skill Score         FP         FN         TP         TN
         0.7400          0.6667          0.7879          0.7222          0.7846         13          7         26       3914
         0.4220          0.1765          1.0000          0.3000          0.9608        154          0         33       3773
         0.2500          0.1142          1.0000          0.2050          0.9348        256          0         33       3671
         0.5000          0.2231          0.8788          0.3558          0.8531        101          4         29       3826
         0.7500          0.0000          0.0000          0.0000          0.0000          0         33          0       3927



Hyper-Parameters: 
 - powers........................: (0.99, 0.38, 0.63, 0.9500000000000001, 1.96)
 - weights.......................: (0.35000000000000003, 0.30000000000000004, 1.1, 0.45, 1.35)
Fold Wise AUPRC  [0.39, 1.00, 0.13, 0.07, 0.62]
AUC -   0.9791 		AUPRC -   0.1854 

      Threshold       Precision          Recall        F1-Score     Skill Score         FP         FN         TP         TN
         0.9960          0.1974          0.9091          0.3243          0.8780        122          3         30       3805
         0.2990          0.0894          1.0000          0.1642          0.9144        336          0         33       3591
         0.2500          0.0661          1.0000          0.1241          0.8813        466          0         33       3461
         0.5000          0.1170          0.9394          0.2081          0.8798        234          2         31       3693
         0.7500          0.1389          0.9091          0.2410          0.8617        186          3         30       3741



Hyper-Parameters: 
 - powers........................: (1.53, 0.59, 0.87, 1.52, 0.86)
 - weights.......................: (0.7000000000000001, 0.6000000000000001, 0.8500000000000001, 0.8, 0.65)
Fold Wise AUPRC  [0.52, 0.98, 0.91, 0.95, 0.64]
AUC -   0.9962 		AUPRC -   0.6186 

      Threshold       Precision          Recall        F1-Score     Skill Score         FP         FN         TP         TN
         0.6990          0.6571          0.6970          0.6765          0.6939         12         10         23       3915
         0.5990          0.2157          1.0000          0.3548          0.9694        120          0         33       3807
         0.2500          0.0548          1.0000          0.1039          0.8551        569          0         33       3358
         0.5000          0.1025          1.0000          0.1859          0.9264        289          0         33       3638
         0.7500          0.3333          0.0606          0.1026          0.0596          4         31          2       3923



Hyper-Parameters: 
 - powers........................: (0.41000000000000003, 0.77, 1.08, 0.26, 0.66)
 - weights.......................: (1.25, 0.75, 1.35, 1.1500000000000001, 0.5)
Fold Wise AUPRC  [0.33, 0.88, 0.69, 0.70, 0.16]
AUC -   0.9913 		AUPRC -   0.3875 

      Threshold       Precision          Recall        F1-Score     Skill Score         FP         FN         TP         TN
         0.9920          0.4154          0.8182          0.5510          0.8085         38          6         27       3889
         0.4990          0.1684          1.0000          0.2882          0.9585        163          0         33       3764
         0.2500          0.0564          1.0000          0.1068          0.8594        552          0         33       3375
         0.5000          0.1649          0.9697          0.2819          0.9284        162          1         32       3765
         0.7500          0.3649          0.8182          0.5047          0.8062         47          6         27       3880



Hyper-Parameters: 
 - powers........................: (0.65, 1.41, 1.97, 0.44, 1.29)
 - weights.......................: (0.1, 0.8500000000000001, 0.4, 0.2, 1.1500000000000001)
Fold Wise AUPRC  [0.38, 1.00, 0.18, 0.10, 0.94]
AUC -   0.9856 		AUPRC -   0.2493 

      Threshold       Precision          Recall        F1-Score     Skill Score         FP         FN         TP         TN
         0.9960          0.2613          0.8788          0.4028          0.8579         82          4         29       3845
         0.7470          0.1336          1.0000          0.2357          0.9455        214          0         33       3713
         0.2500          0.0627          1.0000          0.1181          0.8745        493          0         33       3434
         0.5000          0.0880          1.0000          0.1618          0.9129        342          0         33       3585
         0.7500          0.1336          1.0000          0.2357          0.9455        214          0         33       3713



Hyper-Parameters: 
 - powers........................: (0.88, 0.64, 1.69, 0.6, 0.6)
 - weights.......................: (1.05, 0.35000000000000003, 0.25, 1.0, 1.3)
Fold Wise AUPRC  [0.32, 0.88, 0.15, 0.08, 0.25]
AUC -   0.9814 		AUPRC -   0.1903 

      Threshold       Precision          Recall        F1-Score     Skill Score         FP         FN         TP         TN
         0.9990          0.1928          0.9697          0.3216          0.9356        134          1         32       3793
         0.9990          0.1928          0.9697          0.3216          0.9356        134          1         32       3793
         0.2500          0.0618          1.0000          0.1164          0.8724        501          0         33       3426
         0.5000          0.1034          1.0000          0.1875          0.9272        286          0         33       3641
         0.7500          0.1280          0.9697          0.2261          0.9142        218          1         32       3709



Hyper-Parameters: 
 - powers........................: (0.54, 0.45, 0.32, 0.87, 0.49)
 - weights.......................: (1.55, 1.3, 1.25, 0.55, 0.9500000000000001)
Fold Wise AUPRC  [0.19, 0.27, 0.21, 0.39, 0.18]
AUC -   0.9858 		AUPRC -   0.2284 

      Threshold       Precision          Recall        F1-Score     Skill Score         FP         FN         TP         TN
         0.9420          0.2308          1.0000          0.3750          0.9720        110          0         33       3817
         0.9420          0.2308          1.0000          0.3750          0.9720        110          0         33       3817
         0.2500          0.0581          1.0000          0.1098          0.8638        535          0         33       3392
         0.5000          0.0773          1.0000          0.1435          0.8997        394          0         33       3533
         0.7500          0.1104          1.0000          0.1988          0.9323        266          0         33       3661



Hyper-Parameters: 
 - powers........................: (1.12, 0.28, 0.64, 1.6300000000000001, 0.41000000000000003)
 - weights.......................: (0.15000000000000002, 0.5, 1.05, 0.4, 0.1)
Fold Wise AUPRC  [0.27, 0.83, 0.71, 0.94, 0.87]
AUC -   0.9903 		AUPRC -   0.5098 

      Threshold       Precision          Recall        F1-Score     Skill Score         FP         FN         TP         TN
         0.4970          0.6333          0.5758          0.6032          0.5730         11         14         19       3916
         0.1490          0.1028          1.0000          0.1864          0.9267        288          0         33       3639
         0.2500          0.1339          0.9091          0.2335          0.8597        194          3         30       3733
         0.5000          0.7059          0.3636          0.4800          0.3624          5         21         12       3922
         0.7500          0.5455          0.1818          0.2727          0.1805          5         27          6       3922



Hyper-Parameters: 
 - powers........................: (0.45, 0.5, 0.8, 0.31, 0.84)
 - weights.......................: (1.9500000000000002, 0.15000000000000002, 1.2000000000000002, 0.7000000000000001, 1.4500000000000002)
Fold Wise AUPRC  [0.25, 0.78, 0.12, 0.07, 0.16]
AUC -   0.9765 		AUPRC -   0.1534 

      Threshold       Precision          Recall        F1-Score     Skill Score         FP         FN         TP         TN
         0.9850          0.1546          0.9697          0.2667          0.9251        175          1         32       3752
         0.6630          0.1166          1.0000          0.2089          0.9363        250          0         33       3677
         0.2500          0.0833          1.0000          0.1538          0.9076        363          0         33       3564
         0.5000          0.1034          1.0000          0.1875          0.9272        286          0         33       3641
         0.7500          0.1208          0.9697          0.2148          0.9104        233          1         32       3694



Hyper-Parameters: 
 - powers........................: (1.3, 0.33, 0.9400000000000001, 1.05, 1.07)
 - weights.......................: (0.45, 0.4, 0.6000000000000001, 0.15000000000000002, 1.6500000000000001)
Fold Wise AUPRC  [0.37, 0.88, 0.12, 0.07, 0.44]
AUC -   0.9766 		AUPRC -   0.1609 

      Threshold       Precision          Recall        F1-Score     Skill Score         FP         FN         TP         TN
         0.9900          0.1657          0.9091          0.2804          0.8706        151          3         30       3776
         0.3990          0.0997          1.0000          0.1813          0.9241        298          0         33       3629
         0.2500          0.0609          1.0000          0.1148          0.8704        509          0         33       3418
         0.5000          0.1174          0.9394          0.2088          0.8801        233          2         31       3694
         0.7500          0.1339          0.9091          0.2335          0.8597        194          3         30       3733



Hyper-Parameters: 
 - powers........................: (0.85, 0.28, 0.5700000000000001, 1.31, 1.76)
 - weights.......................: (0.8, 1.1500000000000001, 0.7000000000000001, 0.30000000000000004, 0.7000000000000001)
Fold Wise AUPRC  [0.31, 0.24, 0.18, 0.57, 0.71]
AUC -   0.9882 		AUPRC -   0.3091 

      Threshold       Precision          Recall        F1-Score     Skill Score         FP         FN         TP         TN
         0.9650          0.3281          0.6364          0.4330          0.6254         43         12         21       3884
         0.6980          0.2000          1.0000          0.3333          0.9664        132          0         33       3795
         0.2500          0.0560          1.0000          0.1061          0.8584        556          0         33       3371
         0.5000          0.0842          1.0000          0.1553          0.9086        359          0         33       3568
         0.7500          0.2000          0.8788          0.3258          0.8492        116          4         29       3811



Hyper-Parameters: 
 - powers........................: (0.25, 0.7000000000000001, 1.5, 0.49, 1.41)
 - weights.......................: (0.0, 0.0, 0.30000000000000004, 1.4500000000000002, 0.25)
Fold Wise AUPRC  [0.33, 1.00, 1.00, 0.76, 0.85]
AUC -   0.9853 		AUPRC -   0.5972 

      Threshold       Precision          Recall        F1-Score     Skill Score         FP         FN         TP         TN
         0.2490          0.6000          0.8182          0.6923          0.8136         18          6         27       3909
         0.2110          0.1192          0.9394          0.2116          0.8811        229          2         31       3698
         0.2500          0.6875          0.3333          0.4490          0.3321          5         22         11       3922
         0.5000          0.0000          0.0000          0.0000          0.0000          0         33          0       3927
         0.7500          0.0000          0.0000          0.0000          0.0000          0         33          0       3927



Hyper-Parameters: 
 - powers........................: (0.32, 0.85, 0.33, 0.66, 0.4)
 - weights.......................: (1.0, 1.5, 1.75, 1.75, 0.9)
Fold Wise AUPRC  [0.21, 0.22, 0.16, 0.36, 0.71]
AUC -   0.9865 		AUPRC -   0.2417 

      Threshold       Precision          Recall        F1-Score     Skill Score         FP         FN         TP         TN
         0.9970          0.2636          0.8788          0.4056          0.8582         81          4         29       3846
         0.8930          0.2185          1.0000          0.3587          0.9700        118          0         33       3809
         0.2500          0.0578          1.0000          0.1093          0.8630        538          0         33       3389
         0.5000          0.0780          1.0000          0.1447          0.9007        390          0         33       3537
         0.7500          0.1183          1.0000          0.2115          0.9374        246          0         33       3681



Hyper-Parameters: 
 - powers........................: (0.38, 0.43, 1.84, 0.41000000000000003, 0.51)
 - weights.......................: (1.75, 1.0, 1.0, 0.75, 1.05)
Fold Wise AUPRC  [0.28, 0.88, 0.25, 0.20, 0.18]
AUC -   0.9886 		AUPRC -   0.2690 

      Threshold       Precision          Recall        F1-Score     Skill Score         FP         FN         TP         TN
         0.9980          0.2705          1.0000          0.4258          0.9773         89          0         33       3838
         0.9980          0.2705          1.0000          0.4258          0.9773         89          0         33       3838
         0.2500          0.0574          1.0000          0.1086          0.8620        542          0         33       3385
         0.5000          0.0775          1.0000          0.1438          0.8999        393          0         33       3534
         0.7500          0.1104          1.0000          0.1988          0.9323        266          0         33       3661



Hyper-Parameters: 
 - powers........................: (0.51, 0.76, 1.21, 0.29, 0.73)
 - weights.......................: (0.6000000000000001, 1.2000000000000002, 1.4000000000000001, 1.0, 0.45)
Fold Wise AUPRC  [0.26, 0.21, 0.16, 0.50, 0.82]
AUC -   0.9867 		AUPRC -   0.2781 

      Threshold       Precision          Recall        F1-Score     Skill Score         FP         FN         TP         TN
         0.9990          0.3088          0.6364          0.4158          0.6244         47         12         21       3880
         0.4490          0.1571          1.0000          0.2716          0.9549        177          0         33       3750
         0.2500          0.0583          1.0000          0.1102          0.8643        533          0         33       3394
         0.5000          0.1624          0.9697          0.2783          0.9277        165          1         32       3762
         0.7500          0.2097          0.7879          0.3312          0.7629         98          7         26       3829



Hyper-Parameters: 
 - powers........................: (0.66, 0.39, 1.01, 0.55, 0.63)
 - weights.......................: (1.4000000000000001, 0.25, 1.1500000000000001, 0.0, 0.30000000000000004)
Fold Wise AUPRC  [0.29, 0.88, 0.84, 0.65, 0.15]
AUC -   0.9928 		AUPRC -   0.3784 

      Threshold       Precision          Recall        F1-Score     Skill Score         FP         FN         TP         TN
         0.9700          0.3857          0.8182          0.5243          0.8072         43          6         27       3884
         0.2990          0.3235          1.0000          0.4889          0.9824         69          0         33       3858
         0.2500          0.1078          1.0000          0.1947          0.9305        273          0         33       3654
         0.5000          0.3409          0.9091          0.4959          0.8943         58          3         30       3869
         0.7500          0.3649          0.8182          0.5047          0.8062         47          6         27       3880



Hyper-Parameters: 
 - powers........................: (0.45, 0.92, 0.35000000000000003, 0.37, 0.45)
 - weights.......................: (0.2, 0.6000000000000001, 1.55, 0.35000000000000003, 1.9500000000000002)
Fold Wise AUPRC  [0.34, 0.88, 0.12, 0.06, 0.44]
AUC -   0.9757 		AUPRC -   0.1540 

      Threshold       Precision          Recall        F1-Score     Skill Score         FP         FN         TP         TN
         0.9990          0.1571          0.9091          0.2679          0.8681        161          3         30       3766
         0.5480          0.1104          1.0000          0.1988          0.9323        266          0         33       3661
         0.2500          0.0668          1.0000          0.1252          0.8826        461          0         33       3466
         0.5000          0.0976          1.0000          0.1779          0.9223        305          0         33       3622
         0.7500          0.1316          0.9091          0.2299          0.8587        198          3         30       3729



Hyper-Parameters: 
 - powers........................: (1.33, 0.25, 0.49, 1.77, 0.28)
 - weights.......................: (0.30000000000000004, 0.5, 0.75, 0.4, 1.2000000000000002)
Fold Wise AUPRC  [0.37, 1.00, 0.17, 0.09, 0.88]
AUC -   0.9826 		AUPRC -   0.2219 

      Threshold       Precision          Recall        F1-Score     Skill Score         FP         FN         TP         TN
         0.9990          0.2339          0.8788          0.3694          0.8546         95          4         29       3832
         0.4640          0.1022          1.0000          0.1854          0.9262        290          0         33       3637
         0.2500          0.0583          1.0000          0.1102          0.8643        533          0         33       3394
         0.5000          0.1170          0.9394          0.2081          0.8798        234          2         31       3693
         0.7500          0.1478          0.9091          0.2542          0.8650        173          3         30       3754



Hyper-Parameters: 
 - powers........................: (0.8200000000000001, 0.34, 0.72, 1.46, 0.55)
 - weights.......................: (1.25, 0.1, 0.5, 0.1, 0.6000000000000001)
Fold Wise AUPRC  [0.37, 0.88, 0.84, 0.75, 0.16]
AUC -   0.9938 		AUPRC -   0.4177 

      Threshold       Precision          Recall        F1-Score     Skill Score         FP         FN         TP         TN
         0.9920          0.4286          0.8182          0.5625          0.8090         36          6         27       3891
         0.5970          0.3708          1.0000          0.5410          0.9857         56          0         33       3871
         0.2500          0.0767          1.0000          0.1425          0.8989        397          0         33       3530
         0.5000          0.1398          1.0000          0.2454          0.9483        203          0         33       3724
         0.7500          0.3803          0.8182          0.5192          0.8070         44          6         27       3883



Hyper-Parameters: 
 - powers........................: (0.33, 0.6, 0.43, 0.9, 0.37)
 - weights.......................: (1.7000000000000002, 0.9, 1.3, 0.6000000000000001, 0.75)
Fold Wise AUPRC  [0.29, 0.88, 0.67, 0.63, 0.16]
AUC -   0.9914 		AUPRC -   0.3606 

      Threshold       Precision          Recall        F1-Score     Skill Score         FP         FN         TP         TN
         0.8980          0.3784          0.8485          0.5234          0.8368         46          5         28       3881
         0.7460          0.2374          1.0000          0.3837          0.9730        106          0         33       3821
         0.2500          0.0556          1.0000          0.1054          0.8574        560          0         33       3367
         0.5000          0.0833          1.0000          0.1538          0.9076        363          0         33       3564
         0.7500          0.2197          0.8788          0.3515          0.8526        103          4         29       3824



Best Parameters...
 - modelwt4......................: 0.85
 - modelwt2......................: 0.85
 - modelwt3......................: 0.05
 - modelwt0......................: 0.75
 - modelwt1......................: 0.15
 - z_score.......................: 0.813559322034
 - modelpow4.....................: 0.83
 - modelpow0.....................: 0.36
 - modelpow1.....................: 0.26
 - modelpow2.....................: 1.4
 - modelpow3.....................: 0.75
