

Hyper-Parameters: 
 - powers........................: (0.27, 1.97, 0.9500000000000001, 0.36, 1.03, 1.98, 0.3, 0.27, 1.2, 0.7000000000000001, 0.66, 0.8, 0.25)
 - weights.......................: (0.45, 0.65, 0.45, 1.6500000000000001, 1.9500000000000002, 0.35000000000000003, 2.0, 1.35, 1.2000000000000002, 0.05, 0.5, 0.8, 1.25)
Fold Wise AUPRC  [0.78, 1.00, 1.00, 0.67, 0.50]
AUC -   0.9240 		AUPRC -   0.7932 

      Threshold       Precision          Recall        F1-Score     Skill Score         FP         FN         TP         TN
         0.0000          0.9333          0.8485          0.8889          0.8480          2          5         28       3925
         0.0000          0.9333          0.8485          0.8889          0.8480          2          5         28       3925
         0.2500          0.9333          0.8485          0.8889          0.8480          2          5         28       3925
         0.5000          0.9333          0.8485          0.8889          0.8480          2          5         28       3925
         0.7500          0.9333          0.8485          0.8889          0.8480          2          5         28       3925



Hyper-Parameters: 
 - powers........................: (0.26, 0.38, 1.4000000000000001, 0.25, 1.1300000000000001, 0.56, 0.32, 0.56, 0.37, 1.93, 0.26, 0.5700000000000001, 0.26)
 - weights.......................: (0.65, 0.55, 1.05, 1.6500000000000001, 1.5, 0.45, 1.75, 2.0, 1.5, 1.4500000000000002, 1.05, 0.75, 1.2000000000000002)
Fold Wise AUPRC  [0.64, 1.00, 1.00, 1.00, 0.50]
AUC -   0.9540 		AUPRC -   0.8029 

      Threshold       Precision          Recall        F1-Score     Skill Score         FP         FN         TP         TN
         0.0000          0.8824          0.9091          0.8955          0.9081          4          3         30       3923
         0.0000          0.8824          0.9091          0.8955          0.9081          4          3         30       3923
         0.2500          0.8824          0.9091          0.8955          0.9081          4          3         30       3923
         0.5000          0.8824          0.9091          0.8955          0.9081          4          3         30       3923
         0.7500          0.8824          0.9091          0.8955          0.9081          4          3         30       3923



Hyper-Parameters: 
 - powers........................: (0.25, 0.27, 1.45, 0.68, 1.09, 0.55, 0.35000000000000003, 0.96, 0.35000000000000003, 1.9000000000000001, 0.25, 0.32, 0.26)
 - weights.......................: (0.7000000000000001, 0.75, 1.0, 1.9500000000000002, 1.4500000000000002, 0.4, 1.85, 1.5, 1.4000000000000001, 1.4500000000000002, 0.2, 1.6, 1.2000000000000002)
Fold Wise AUPRC  [0.64, 1.00, 1.00, 1.00, 0.50]
AUC -   0.9540 		AUPRC -   0.8029 

      Threshold       Precision          Recall        F1-Score     Skill Score         FP         FN         TP         TN
         0.0000          0.8824          0.9091          0.8955          0.9081          4          3         30       3923
         0.0000          0.8824          0.9091          0.8955          0.9081          4          3         30       3923
         0.2500          0.8824          0.9091          0.8955          0.9081          4          3         30       3923
         0.5000          0.8824          0.9091          0.8955          0.9081          4          3         30       3923
         0.7500          0.8824          0.9091          0.8955          0.9081          4          3         30       3923



Hyper-Parameters: 
 - powers........................: (0.25, 0.26, 1.92, 0.65, 0.88, 0.5, 0.64, 1.02, 0.35000000000000003, 0.36, 1.08, 0.26, 0.46)
 - weights.......................: (0.8500000000000001, 0.8500000000000001, 1.9500000000000002, 1.9500000000000002, 1.4000000000000001, 0.05, 1.9500000000000002, 1.4500000000000002, 0.8, 1.0, 0.2, 1.6500000000000001, 2.0)
Fold Wise AUPRC  [0.50, 1.00, 1.00, 1.00, 0.50]
AUC -   0.9537 		AUPRC -   0.7379 

      Threshold       Precision          Recall        F1-Score     Skill Score         FP         FN         TP         TN
         0.0000          0.8108          0.9091          0.8571          0.9073          7          3         30       3920
         0.0000          0.8108          0.9091          0.8571          0.9073          7          3         30       3920
         0.2500          0.8108          0.9091          0.8571          0.9073          7          3         30       3920
         0.5000          0.8108          0.9091          0.8571          0.9073          7          3         30       3920
         0.7500          0.8108          0.9091          0.8571          0.9073          7          3         30       3920



Hyper-Parameters: 
 - powers........................: (0.61, 0.31, 1.29, 0.75, 0.56, 0.34, 0.34, 1.29, 1.29, 1.58, 0.75, 0.34, 0.3)
 - weights.......................: (0.25, 0.75, 1.1, 1.9000000000000001, 1.2000000000000002, 0.2, 0.30000000000000004, 1.55, 1.75, 1.55, 0.5, 1.6, 1.4500000000000002)
Fold Wise AUPRC  [0.88, 1.00, 0.86, 0.83, 0.50]
AUC -   0.9241 		AUPRC -   0.8205 

      Threshold       Precision          Recall        F1-Score     Skill Score         FP         FN         TP         TN
         0.0000          0.9655          0.8485          0.9032          0.8482          1          5         28       3926
         0.0000          0.9655          0.8485          0.9032          0.8482          1          5         28       3926
         0.2500          0.9655          0.8485          0.9032          0.8482          1          5         28       3926
         0.5000          0.9655          0.8485          0.9032          0.8482          1          5         28       3926
         0.7500          0.9655          0.8485          0.9032          0.8482          1          5         28       3926



Hyper-Parameters: 
 - powers........................: (0.6, 0.33, 1.72, 0.8200000000000001, 0.48, 0.6, 0.32, 1.29, 1.32, 1.59, 0.65, 0.33, 0.39)
 - weights.......................: (0.25, 0.4, 0.75, 1.85, 1.2000000000000002, 0.45, 0.35000000000000003, 1.55, 1.35, 1.9000000000000001, 0.45, 1.5, 1.6)
Fold Wise AUPRC  [1.00, 0.86, 0.86, 1.00, 0.50]
AUC -   0.9242 		AUPRC -   0.8497 

      Threshold       Precision          Recall        F1-Score     Skill Score         FP         FN         TP         TN
         0.0000          1.0000          0.8485          0.9180          0.8485          0          5         28       3927
         0.0000          1.0000          0.8485          0.9180          0.8485          0          5         28       3927
         0.2500          1.0000          0.8485          0.9180          0.8485          0          5         28       3927
         0.5000          1.0000          0.8485          0.9180          0.8485          0          5         28       3927
         0.7500          1.0000          0.8485          0.9180          0.8485          0          5         28       3927



Hyper-Parameters: 
 - powers........................: (0.63, 0.33, 1.74, 1.3800000000000001, 0.47000000000000003, 0.25, 0.29, 1.35, 1.33, 1.57, 0.59, 0.34, 0.4)
 - weights.......................: (0.25, 0.4, 0.75, 1.75, 0.1, 0.0, 0.35000000000000003, 1.1, 2.0, 2.0, 0.55, 1.4500000000000002, 1.6)
Fold Wise AUPRC  [1.00, 0.86, 0.86, 1.00, 0.50]
AUC -   0.9242 		AUPRC -   0.8497 

      Threshold       Precision          Recall        F1-Score     Skill Score         FP         FN         TP         TN
         0.0000          1.0000          0.8485          0.9180          0.8485          0          5         28       3927
         0.0000          1.0000          0.8485          0.9180          0.8485          0          5         28       3927
         0.2500          1.0000          0.8485          0.9180          0.8485          0          5         28       3927
         0.5000          1.0000          0.8485          0.9180          0.8485          0          5         28       3927
         0.7500          1.0000          0.8485          0.9180          0.8485          0          5         28       3927



Hyper-Parameters: 
 - powers........................: (0.5700000000000001, 0.35000000000000003, 1.82, 1.9100000000000001, 0.45, 1.99, 0.28, 1.98, 1.4000000000000001, 1.6500000000000001, 0.63, 0.33, 0.53)
 - weights.......................: (0.05, 0.4, 0.7000000000000001, 1.5, 1.1, 0.05, 0.25, 1.0, 1.9500000000000002, 1.9500000000000002, 0.45, 1.4500000000000002, 1.6500000000000001)
Fold Wise AUPRC  [1.00, 0.58, 0.58, 0.50, 0.34]
AUC -   0.8030 		AUPRC -   0.6093 

      Threshold       Precision          Recall        F1-Score     Skill Score         FP         FN         TP         TN
         0.0000          1.0000          0.6061          0.7547          0.6061          0         13         20       3927
         0.0000          1.0000          0.6061          0.7547          0.6061          0         13         20       3927
         0.2500          1.0000          0.6061          0.7547          0.6061          0         13         20       3927
         0.5000          1.0000          0.6061          0.7547          0.6061          0         13         20       3927
         0.7500          1.0000          0.6061          0.7547          0.6061          0         13         20       3927



Hyper-Parameters: 
 - powers........................: (0.76, 0.44, 1.6600000000000001, 1.62, 0.48, 0.63, 0.27, 1.37, 0.89, 0.87, 0.59, 0.38, 0.38)
 - weights.......................: (2.0, 0.0, 0.75, 1.8, 0.0, 0.6000000000000001, 0.30000000000000004, 1.1500000000000001, 0.75, 2.0, 0.6000000000000001, 1.4500000000000002, 1.9500000000000002)
Fold Wise AUPRC  [1.00, 0.86, 0.86, 0.67, 0.50]
AUC -   0.8939 		AUPRC -   0.7896 

      Threshold       Precision          Recall        F1-Score     Skill Score         FP         FN         TP         TN
         0.0000          1.0000          0.7879          0.8814          0.7879          0          7         26       3927
         0.0000          1.0000          0.7879          0.8814          0.7879          0          7         26       3927
         0.2500          1.0000          0.7879          0.8814          0.7879          0          7         26       3927
         0.5000          1.0000          0.7879          0.8814          0.7879          0          7         26       3927
         0.7500          1.0000          0.7879          0.8814          0.7879          0          7         26       3927



Hyper-Parameters: 
 - powers........................: (0.63, 0.48, 0.85, 1.4000000000000001, 0.65, 0.44, 0.84, 0.76, 1.96, 1.31, 0.42, 0.29, 0.54)
 - weights.......................: (0.25, 0.4, 0.25, 1.5, 0.05, 0.5, 0.5, 1.1500000000000001, 1.85, 1.75, 0.35000000000000003, 1.85, 1.6)
Fold Wise AUPRC  [1.00, 0.86, 0.58, 0.50, 0.50]
AUC -   0.8485 		AUPRC -   0.6995 

      Threshold       Precision          Recall        F1-Score     Skill Score         FP         FN         TP         TN
         0.0000          1.0000          0.6970          0.8214          0.6970          0         10         23       3927
         0.0000          1.0000          0.6970          0.8214          0.6970          0         10         23       3927
         0.2500          1.0000          0.6970          0.8214          0.6970          0         10         23       3927
         0.5000          1.0000          0.6970          0.8214          0.6970          0         10         23       3927
         0.7500          1.0000          0.6970          0.8214          0.6970          0         10         23       3927



Hyper-Parameters: 
 - powers........................: (0.53, 0.35000000000000003, 2.0, 1.61, 0.37, 0.26, 1.96, 1.09, 1.9100000000000001, 1.18, 0.42, 0.59, 0.43)
 - weights.......................: (0.9500000000000001, 0.4, 0.8500000000000001, 1.1, 0.8500000000000001, 0.7000000000000001, 0.8500000000000001, 0.7000000000000001, 1.3, 1.9000000000000001, 0.7000000000000001, 1.0, 1.05)
Fold Wise AUPRC  [0.86, 0.86, 0.86, 1.00, 0.50]
AUC -   0.9091 		AUPRC -   0.8197 

      Threshold       Precision          Recall        F1-Score     Skill Score         FP         FN         TP         TN
         0.0000          1.0000          0.8182          0.9000          0.8182          0          6         27       3927
         0.0000          1.0000          0.8182          0.9000          0.8182          0          6         27       3927
         0.2500          1.0000          0.8182          0.9000          0.8182          0          6         27       3927
         0.5000          1.0000          0.8182          0.9000          0.8182          0          6         27       3927
         0.7500          1.0000          0.8182          0.9000          0.8182          0          6         27       3927



Hyper-Parameters: 
 - powers........................: (0.8300000000000001, 0.4, 0.59, 0.91, 0.49, 0.44, 0.35000000000000003, 1.5, 1.12, 1.61, 1.08, 0.37, 0.56)
 - weights.......................: (0.45, 0.0, 0.30000000000000004, 1.85, 0.2, 0.0, 0.15000000000000002, 1.6, 1.7000000000000002, 1.6, 0.9, 1.4500000000000002, 1.85)
Fold Wise AUPRC  [1.00, 0.86, 0.86, 1.00, 0.50]
AUC -   0.9242 		AUPRC -   0.8497 

      Threshold       Precision          Recall        F1-Score     Skill Score         FP         FN         TP         TN
         0.0000          1.0000          0.8485          0.9180          0.8485          0          5         28       3927
         0.0000          1.0000          0.8485          0.9180          0.8485          0          5         28       3927
         0.2500          1.0000          0.8485          0.9180          0.8485          0          5         28       3927
         0.5000          1.0000          0.8485          0.9180          0.8485          0          5         28       3927
         0.7500          1.0000          0.8485          0.9180          0.8485          0          5         28       3927



Hyper-Parameters: 
 - powers........................: (0.8300000000000001, 0.41000000000000003, 0.56, 0.91, 0.34, 0.32, 0.37, 1.52, 1.1, 1.46, 1.96, 0.25, 0.56)
 - weights.......................: (0.5, 0.0, 0.30000000000000004, 1.75, 0.15000000000000002, 1.8, 0.1, 0.8, 1.6, 1.6500000000000001, 0.9, 0.6000000000000001, 1.85)
Fold Wise AUPRC  [0.72, 0.86, 0.86, 0.67, 0.50]
AUC -   0.8636 		AUPRC -   0.7295 

      Threshold       Precision          Recall        F1-Score     Skill Score         FP         FN         TP         TN
         0.0000          1.0000          0.7273          0.8421          0.7273          0          9         24       3927
         0.0000          1.0000          0.7273          0.8421          0.7273          0          9         24       3927
         0.2500          1.0000          0.7273          0.8421          0.7273          0          9         24       3927
         0.5000          1.0000          0.7273          0.8421          0.7273          0          9         24       3927
         0.7500          1.0000          0.7273          0.8421          0.7273          0          9         24       3927



Hyper-Parameters: 
 - powers........................: (1.17, 0.53, 1.73, 1.45, 0.91, 1.71, 0.31, 1.18, 1.37, 0.85, 0.5700000000000001, 0.49, 0.4)
 - weights.......................: (0.35000000000000003, 0.35000000000000003, 0.8500000000000001, 0.75, 1.25, 1.5, 0.45, 1.2000000000000002, 2.0, 1.85, 0.7000000000000001, 1.05, 1.55)
Fold Wise AUPRC  [0.86, 0.72, 0.86, 1.00, 0.50]
AUC -   0.8939 		AUPRC -   0.7896 

      Threshold       Precision          Recall        F1-Score     Skill Score         FP         FN         TP         TN
         0.0000          1.0000          0.7879          0.8814          0.7879          0          7         26       3927
         0.0000          1.0000          0.7879          0.8814          0.7879          0          7         26       3927
         0.2500          1.0000          0.7879          0.8814          0.7879          0          7         26       3927
         0.5000          1.0000          0.7879          0.8814          0.7879          0          7         26       3927
         0.7500          1.0000          0.7879          0.8814          0.7879          0          7         26       3927



Hyper-Parameters: 
 - powers........................: (0.72, 0.62, 0.44, 0.5700000000000001, 0.68, 0.41000000000000003, 0.48, 1.95, 0.87, 1.1500000000000001, 1.1, 0.66, 0.51)
 - weights.......................: (0.65, 0.05, 0.0, 1.5, 0.2, 1.1, 0.15000000000000002, 1.6500000000000001, 1.55, 1.6500000000000001, 0.9, 1.35, 1.8)
Fold Wise AUPRC  [1.00, 0.86, 0.86, 1.00, 0.50]
AUC -   0.9242 		AUPRC -   0.8497 

      Threshold       Precision          Recall        F1-Score     Skill Score         FP         FN         TP         TN
         0.0000          1.0000          0.8485          0.9180          0.8485          0          5         28       3927
         0.0000          1.0000          0.8485          0.9180          0.8485          0          5         28       3927
         0.2500          1.0000          0.8485          0.9180          0.8485          0          5         28       3927
         0.5000          1.0000          0.8485          0.9180          0.8485          0          5         28       3927
         0.7500          1.0000          0.8485          0.9180          0.8485          0          5         28       3927



Hyper-Parameters: 
 - powers........................: (0.91, 0.64, 0.26, 0.56, 0.25, 0.42, 0.47000000000000003, 1.98, 0.8200000000000001, 1.2, 1.1300000000000001, 0.66, 0.93)
 - weights.......................: (1.2000000000000002, 0.1, 0.1, 0.9500000000000001, 0.5, 1.1, 0.1, 1.7000000000000002, 1.55, 1.35, 0.9500000000000001, 1.3, 1.85)
Fold Wise AUPRC  [0.86, 0.86, 0.86, 0.67, 0.50]
AUC -   0.8788 		AUPRC -   0.7596 

      Threshold       Precision          Recall        F1-Score     Skill Score         FP         FN         TP         TN
         0.0000          1.0000          0.7576          0.8621          0.7576          0          8         25       3927
         0.0000          1.0000          0.7576          0.8621          0.7576          0          8         25       3927
         0.2500          1.0000          0.7576          0.8621          0.7576          0          8         25       3927
         0.5000          1.0000          0.7576          0.8621          0.7576          0          8         25       3927
         0.7500          1.0000          0.7576          0.8621          0.7576          0          8         25       3927



Hyper-Parameters: 
 - powers........................: (1.22, 0.53, 0.56, 1.77, 0.76, 0.49, 0.56, 0.74, 1.02, 1.86, 0.9, 0.36, 0.33)
 - weights.......................: (0.0, 0.55, 0.4, 1.1500000000000001, 0.1, 0.15000000000000002, 0.8500000000000001, 0.8500000000000001, 1.7000000000000002, 0.8, 1.1, 1.8, 1.1)
Fold Wise AUPRC  [1.00, 0.72, 0.72, 0.50, 0.34]
AUC -   0.8333 		AUPRC -   0.6694 

      Threshold       Precision          Recall        F1-Score     Skill Score         FP         FN         TP         TN
         0.0000          1.0000          0.6667          0.8000          0.6667          0         11         22       3927
         0.0000          1.0000          0.6667          0.8000          0.6667          0         11         22       3927
         0.2500          1.0000          0.6667          0.8000          0.6667          0         11         22       3927
         0.5000          1.0000          0.6667          0.8000          0.6667          0         11         22       3927
         0.7500          1.0000          0.6667          0.8000          0.6667          0         11         22       3927



Hyper-Parameters: 
 - powers........................: (0.73, 0.74, 0.42, 0.5700000000000001, 0.67, 0.4, 0.81, 1.8, 1.51, 1.03, 1.08, 1.19, 1.1500000000000001)
 - weights.......................: (0.9500000000000001, 0.0, 0.05, 1.4500000000000002, 0.2, 1.3, 0.2, 1.6500000000000001, 1.1, 1.05, 0.8, 1.35, 1.75)
Fold Wise AUPRC  [0.86, 0.86, 0.86, 0.50, 0.50]
AUC -   0.8636 		AUPRC -   0.7295 

      Threshold       Precision          Recall        F1-Score     Skill Score         FP         FN         TP         TN
         0.0000          1.0000          0.7273          0.8421          0.7273          0          9         24       3927
         0.0000          1.0000          0.7273          0.8421          0.7273          0          9         24       3927
         0.2500          1.0000          0.7273          0.8421          0.7273          0          9         24       3927
         0.5000          1.0000          0.7273          0.8421          0.7273          0          9         24       3927
         0.7500          1.0000          0.7273          0.8421          0.7273          0          9         24       3927



Hyper-Parameters: 
 - powers........................: (0.6900000000000001, 1.1, 0.33, 1.21, 0.6, 0.25, 1.6400000000000001, 0.61, 0.9400000000000001, 0.9, 0.8200000000000001, 1.75, 0.5)
 - weights.......................: (0.6000000000000001, 0.25, 0.6000000000000001, 1.6, 0.5, 1.1, 0.7000000000000001, 1.4000000000000001, 1.85, 0.0, 1.2000000000000002, 1.1500000000000001, 0.8500000000000001)
Fold Wise AUPRC  [0.74, 0.86, 0.86, 0.67, 0.50]
AUC -   0.8787 		AUPRC -   0.7305 

      Threshold       Precision          Recall        F1-Score     Skill Score         FP         FN         TP         TN
         0.0000          0.9615          0.7576          0.8475          0.7573          1          8         25       3926
         0.0000          0.9615          0.7576          0.8475          0.7573          1          8         25       3926
         0.2500          0.9615          0.7576          0.8475          0.7573          1          8         25       3926
         0.5000          0.9615          0.7576          0.8475          0.7573          1          8         25       3926
         0.7500          0.9615          0.7576          0.8475          0.7573          1          8         25       3926



Hyper-Parameters: 
 - powers........................: (0.53, 0.6900000000000001, 0.28, 0.49, 0.85, 0.63, 0.44, 1.09, 1.76, 0.61, 1.24, 0.29, 1.61)
 - weights.......................: (0.8, 2.0, 1.1500000000000001, 1.05, 0.75, 1.6, 0.0, 1.8, 0.9500000000000001, 1.8, 0.35000000000000003, 0.55, 1.35)
Fold Wise AUPRC  [0.26, 0.72, 0.86, 0.67, 0.50]
AUC -   0.8327 		AUPRC -   0.5460 

      Threshold       Precision          Recall        F1-Score     Skill Score         FP         FN         TP         TN
         0.0000          0.8148          0.6667          0.7333          0.6654          5         11         22       3922
         0.0000          0.8148          0.6667          0.7333          0.6654          5         11         22       3922
         0.2500          0.8148          0.6667          0.7333          0.6654          5         11         22       3922
         0.5000          0.8148          0.6667          0.7333          0.6654          5         11         22       3922
         0.7500          0.8148          0.6667          0.7333          0.6654          5         11         22       3922



Hyper-Parameters: 
 - powers........................: (1.37, 0.25, 0.91, 1.1, 0.51, 0.3, 0.6, 1.52, 1.17, 1.71, 1.94, 0.38, 0.6)
 - weights.......................: (1.1, 1.25, 0.35000000000000003, 0.8500000000000001, 0.0, 0.0, 0.6000000000000001, 1.25, 2.0, 1.55, 0.6000000000000001, 1.75, 2.0)
Fold Wise AUPRC  [1.00, 0.72, 0.86, 0.83, 0.50]
AUC -   0.8939 		AUPRC -   0.7896 

      Threshold       Precision          Recall        F1-Score     Skill Score         FP         FN         TP         TN
         0.0000          1.0000          0.7879          0.8814          0.7879          0          7         26       3927
         0.0000          1.0000          0.7879          0.8814          0.7879          0          7         26       3927
         0.2500          1.0000          0.7879          0.8814          0.7879          0          7         26       3927
         0.5000          1.0000          0.7879          0.8814          0.7879          0          7         26       3927
         0.7500          1.0000          0.7879          0.8814          0.7879          0          7         26       3927



Hyper-Parameters: 
 - powers........................: (1.07, 0.58, 0.48, 0.62, 0.71, 0.48, 0.75, 1.8, 0.8200000000000001, 1.43, 0.98, 0.65, 0.89)
 - weights.......................: (1.3, 0.1, 0.2, 1.35, 0.25, 1.35, 1.0, 1.6, 0.9500000000000001, 1.35, 1.5, 1.1, 0.9)
Fold Wise AUPRC  [0.88, 0.86, 0.86, 0.83, 0.50]
AUC -   0.9090 		AUPRC -   0.7905 

      Threshold       Precision          Recall        F1-Score     Skill Score         FP         FN         TP         TN
         0.0000          0.9643          0.8182          0.8852          0.8179          1          6         27       3926
         0.0000          0.9643          0.8182          0.8852          0.8179          1          6         27       3926
         0.2500          0.9643          0.8182          0.8852          0.8179          1          6         27       3926
         0.5000          0.9643          0.8182          0.8852          0.8179          1          6         27       3926
         0.7500          0.9643          0.8182          0.8852          0.8179          1          6         27       3926



Hyper-Parameters: 
 - powers........................: (0.81, 0.47000000000000003, 0.63, 0.9500000000000001, 0.4, 0.38, 0.51, 0.81, 0.62, 0.79, 1.74, 0.86, 0.73)
 - weights.......................: (0.55, 1.6, 0.0, 0.6000000000000001, 0.4, 1.2000000000000002, 0.45, 1.4000000000000001, 1.6500000000000001, 1.6, 1.0, 0.9, 1.9500000000000002)
Fold Wise AUPRC  [0.72, 0.86, 0.86, 1.00, 0.50]
AUC -   0.8939 		AUPRC -   0.7896 

      Threshold       Precision          Recall        F1-Score     Skill Score         FP         FN         TP         TN
         0.0000          1.0000          0.7879          0.8814          0.7879          0          7         26       3927
         0.0000          1.0000          0.7879          0.8814          0.7879          0          7         26       3927
         0.2500          1.0000          0.7879          0.8814          0.7879          0          7         26       3927
         0.5000          1.0000          0.7879          0.8814          0.7879          0          7         26       3927
         0.7500          1.0000          0.7879          0.8814          0.7879          0          7         26       3927



Hyper-Parameters: 
 - powers........................: (0.93, 0.4, 0.44, 0.35000000000000003, 0.35000000000000003, 0.68, 0.44, 1.6400000000000001, 0.45, 1.05, 1.45, 0.52, 1.07)
 - weights.......................: (1.1, 0.9500000000000001, 0.15000000000000002, 1.5, 1.0, 1.5, 0.2, 1.8, 1.85, 0.2, 1.3, 1.9000000000000001, 1.75)
Fold Wise AUPRC  [0.88, 0.86, 0.86, 0.67, 0.50]
AUC -   0.8938 		AUPRC -   0.7605 

      Threshold       Precision          Recall        F1-Score     Skill Score         FP         FN         TP         TN
         0.0000          0.9630          0.7879          0.8667          0.7876          1          7         26       3926
         0.0000          0.9630          0.7879          0.8667          0.7876          1          7         26       3926
         0.2500          0.9630          0.7879          0.8667          0.7876          1          7         26       3926
         0.5000          0.9630          0.7879          0.8667          0.7876          1          7         26       3926
         0.7500          0.9630          0.7879          0.8667          0.7876          1          7         26       3926



Hyper-Parameters: 
 - powers........................: (0.35000000000000003, 1.06, 0.29, 0.26, 0.97, 0.27, 0.91, 1.3, 1.49, 1.1, 0.29, 1.96, 0.3)
 - weights.......................: (0.15000000000000002, 0.30000000000000004, 1.35, 1.3, 0.6000000000000001, 0.8500000000000001, 0.4, 1.05, 1.25, 0.9, 0.75, 1.2000000000000002, 1.5)
Fold Wise AUPRC  [0.86, 0.72, 0.86, 0.67, 0.34]
AUC -   0.8485 		AUPRC -   0.6995 

      Threshold       Precision          Recall        F1-Score     Skill Score         FP         FN         TP         TN
         0.0000          1.0000          0.6970          0.8214          0.6970          0         10         23       3927
         0.0000          1.0000          0.6970          0.8214          0.6970          0         10         23       3927
         0.2500          1.0000          0.6970          0.8214          0.6970          0         10         23       3927
         0.5000          1.0000          0.6970          0.8214          0.6970          0         10         23       3927
         0.7500          1.0000          0.6970          0.8214          0.6970          0         10         23       3927



Hyper-Parameters: 
 - powers........................: (0.47000000000000003, 0.68, 1.06, 0.76, 1.24, 0.79, 0.25, 1.95, 1.0, 1.26, 0.48, 1.18, 0.33)
 - weights.......................: (0.9, 0.65, 0.6000000000000001, 2.0, 1.1, 1.05, 0.9500000000000001, 0.6000000000000001, 1.3, 1.3, 1.2000000000000002, 1.35, 1.35)
Fold Wise AUPRC  [0.78, 0.86, 0.86, 0.83, 0.50]
AUC -   0.9088 		AUPRC -   0.7633 

      Threshold       Precision          Recall        F1-Score     Skill Score         FP         FN         TP         TN
         0.0000          0.9310          0.8182          0.8710          0.8177          2          6         27       3925
         0.0000          0.9310          0.8182          0.8710          0.8177          2          6         27       3925
         0.2500          0.9310          0.8182          0.8710          0.8177          2          6         27       3925
         0.5000          0.9310          0.8182          0.8710          0.8177          2          6         27       3925
         0.7500          0.9310          0.8182          0.8710          0.8177          2          6         27       3925



Hyper-Parameters: 
 - powers........................: (0.67, 0.5700000000000001, 0.35000000000000003, 0.52, 0.8200000000000001, 0.96, 0.51, 0.9500000000000001, 0.66, 0.9500000000000001, 0.73, 0.43, 0.47000000000000003)
 - weights.......................: (0.65, 0.15000000000000002, 0.9500000000000001, 1.6500000000000001, 1.6, 0.75, 0.0, 1.3, 1.05, 1.7000000000000002, 2.0, 1.55, 1.7000000000000002)
Fold Wise AUPRC  [1.00, 0.86, 0.86, 1.00, 0.50]
AUC -   0.9242 		AUPRC -   0.8497 

      Threshold       Precision          Recall        F1-Score     Skill Score         FP         FN         TP         TN
         0.0000          1.0000          0.8485          0.9180          0.8485          0          5         28       3927
         0.0000          1.0000          0.8485          0.9180          0.8485          0          5         28       3927
         0.2500          1.0000          0.8485          0.9180          0.8485          0          5         28       3927
         0.5000          1.0000          0.8485          0.9180          0.8485          0          5         28       3927
         0.7500          1.0000          0.8485          0.9180          0.8485          0          5         28       3927



Hyper-Parameters: 
 - powers........................: (0.5, 0.29, 0.37, 0.36, 1.35, 1.07, 0.7000000000000001, 0.68, 0.41000000000000003, 0.51, 0.74, 0.41000000000000003, 0.48)
 - weights.......................: (1.4500000000000002, 0.2, 0.9500000000000001, 1.7000000000000002, 1.35, 0.75, 0.0, 1.3, 0.55, 1.8, 1.9500000000000002, 1.55, 1.3)
Fold Wise AUPRC  [1.00, 0.86, 0.86, 1.00, 0.50]
AUC -   0.9242 		AUPRC -   0.8497 

      Threshold       Precision          Recall        F1-Score     Skill Score         FP         FN         TP         TN
         0.0000          1.0000          0.8485          0.9180          0.8485          0          5         28       3927
         0.0000          1.0000          0.8485          0.9180          0.8485          0          5         28       3927
         0.2500          1.0000          0.8485          0.9180          0.8485          0          5         28       3927
         0.5000          1.0000          0.8485          0.9180          0.8485          0          5         28       3927
         0.7500          1.0000          0.8485          0.9180          0.8485          0          5         28       3927



Hyper-Parameters: 
 - powers........................: (0.29, 0.28, 0.51, 0.31, 1.4000000000000001, 1.1300000000000001, 1.36, 0.6900000000000001, 0.43, 0.38, 0.85, 0.43, 0.62)
 - weights.......................: (1.9500000000000002, 0.2, 0.9500000000000001, 1.6500000000000001, 1.6500000000000001, 0.75, 0.05, 0.9, 0.55, 1.1500000000000001, 2.0, 1.7000000000000002, 0.75)
Fold Wise AUPRC  [0.86, 0.86, 0.86, 0.83, 0.50]
AUC -   0.8939 		AUPRC -   0.7896 

      Threshold       Precision          Recall        F1-Score     Skill Score         FP         FN         TP         TN
         0.0000          1.0000          0.7879          0.8814          0.7879          0          7         26       3927
         0.0000          1.0000          0.7879          0.8814          0.7879          0          7         26       3927
         0.2500          1.0000          0.7879          0.8814          0.7879          0          7         26       3927
         0.5000          1.0000          0.7879          0.8814          0.7879          0          7         26       3927
         0.7500          1.0000          0.7879          0.8814          0.7879          0          7         26       3927



Hyper-Parameters: 
 - powers........................: (0.38, 1.34, 0.36, 0.38, 1.92, 0.98, 1.08, 0.54, 0.32, 0.53, 0.77, 0.29, 0.81)
 - weights.......................: (1.55, 0.5, 1.6, 1.1500000000000001, 1.7000000000000002, 0.65, 0.6000000000000001, 1.3, 0.05, 1.8, 2.0, 1.55, 1.1)
Fold Wise AUPRC  [0.88, 0.86, 0.86, 1.00, 0.50]
AUC -   0.9241 		AUPRC -   0.8205 

      Threshold       Precision          Recall        F1-Score     Skill Score         FP         FN         TP         TN
         0.0000          0.9655          0.8485          0.9032          0.8482          1          5         28       3926
         0.0000          0.9655          0.8485          0.9032          0.8482          1          5         28       3926
         0.2500          0.9655          0.8485          0.9032          0.8482          1          5         28       3926
         0.5000          0.9655          0.8485          0.9032          0.8482          1          5         28       3926
         0.7500          0.9655          0.8485          0.9032          0.8482          1          5         28       3926



Hyper-Parameters: 
 - powers........................: (0.48, 0.8200000000000001, 0.3, 0.28, 1.6300000000000001, 1.7, 0.75, 0.34, 0.49, 0.49, 0.37, 0.47000000000000003, 0.45)
 - weights.......................: (1.4500000000000002, 1.0, 1.2000000000000002, 0.45, 1.35, 0.9, 0.0, 0.6000000000000001, 0.35000000000000003, 1.4000000000000001, 1.8, 2.0, 1.3)
Fold Wise AUPRC  [0.72, 0.58, 0.86, 0.67, 0.34]
AUC -   0.8182 		AUPRC -   0.6394 

      Threshold       Precision          Recall        F1-Score     Skill Score         FP         FN         TP         TN
         0.0000          1.0000          0.6364          0.7778          0.6364          0         12         21       3927
         0.0000          1.0000          0.6364          0.7778          0.6364          0         12         21       3927
         0.2500          1.0000          0.6364          0.7778          0.6364          0         12         21       3927
         0.5000          1.0000          0.6364          0.7778          0.6364          0         12         21       3927
         0.7500          1.0000          0.6364          0.7778          0.6364          0         12         21       3927



Hyper-Parameters: 
 - powers........................: (1.47, 1.03, 0.76, 0.8200000000000001, 0.44, 0.56, 0.41000000000000003, 1.22, 0.87, 1.76, 0.99, 1.52, 1.95)
 - weights.......................: (0.35000000000000003, 0.65, 1.85, 1.85, 0.9, 1.75, 0.8, 1.85, 1.4000000000000001, 0.75, 0.1, 0.9500000000000001, 1.4500000000000002)
Fold Wise AUPRC  [0.50, 1.00, 1.00, 0.67, 0.50]
AUC -   0.9234 		AUPRC -   0.6801 

      Threshold       Precision          Recall        F1-Score     Skill Score         FP         FN         TP         TN
         0.0000          0.8000          0.8485          0.8235          0.8467          7          5         28       3920
         0.0000          0.8000          0.8485          0.8235          0.8467          7          5         28       3920
         0.2500          0.8000          0.8485          0.8235          0.8467          7          5         28       3920
         0.5000          0.8000          0.8485          0.8235          0.8467          7          5         28       3920
         0.7500          0.8000          0.8485          0.8235          0.8467          7          5         28       3920



Hyper-Parameters: 
 - powers........................: (0.5700000000000001, 0.33, 1.24, 1.28, 0.26, 0.8200000000000001, 0.29, 0.8200000000000001, 1.82, 1.52, 0.3, 0.31, 0.42)
 - weights.......................: (0.2, 1.1500000000000001, 0.8, 0.1, 0.7000000000000001, 0.25, 0.35000000000000003, 1.1, 0.7000000000000001, 2.0, 0.6000000000000001, 1.9500000000000002, 1.55)
Fold Wise AUPRC  [0.58, 0.58, 0.58, 0.34, 0.17]
AUC -   0.7273 		AUPRC -   0.4591 

      Threshold       Precision          Recall        F1-Score     Skill Score         FP         FN         TP         TN
         0.0000          1.0000          0.4545          0.6250          0.4545          0         18         15       3927
         0.0000          1.0000          0.4545          0.6250          0.4545          0         18         15       3927
         0.2500          1.0000          0.4545          0.6250          0.4545          0         18         15       3927
         0.5000          1.0000          0.4545          0.6250          0.4545          0         18         15       3927
         0.7500          1.0000          0.4545          0.6250          0.4545          0         18         15       3927



Hyper-Parameters: 
 - powers........................: (0.77, 0.5, 0.67, 1.06, 0.59, 0.34, 0.58, 1.3900000000000001, 0.55, 0.72, 0.46, 0.54, 1.42)
 - weights.......................: (0.75, 1.55, 1.35, 1.25, 0.4, 1.4500000000000002, 1.3, 0.30000000000000004, 1.9000000000000001, 0.4, 1.1, 1.35, 1.9000000000000001)
Fold Wise AUPRC  [0.64, 0.86, 0.86, 0.83, 0.34]
AUC -   0.8934 		AUPRC -   0.6846 

      Threshold       Precision          Recall        F1-Score     Skill Score         FP         FN         TP         TN
         0.0000          0.8667          0.7879          0.8254          0.7869          4          7         26       3923
         0.0000          0.8667          0.7879          0.8254          0.7869          4          7         26       3923
         0.2500          0.8667          0.7879          0.8254          0.7869          4          7         26       3923
         0.5000          0.8667          0.7879          0.8254          0.7869          4          7         26       3923
         0.7500          0.8667          0.7879          0.8254          0.7869          4          7         26       3923



Hyper-Parameters: 
 - powers........................: (0.99, 1.84, 0.41000000000000003, 0.6, 0.32, 0.28, 0.38, 1.75, 1.21, 0.61, 0.55, 0.74, 0.28)
 - weights.......................: (1.05, 1.8, 1.7000000000000002, 1.4000000000000001, 0.1, 2.0, 1.1, 0.8, 1.5, 0.6000000000000001, 1.55, 1.25, 1.0)
Fold Wise AUPRC  [0.54, 1.00, 0.86, 0.83, 0.50]
AUC -   0.9235 		AUPRC -   0.7000 

      Threshold       Precision          Recall        F1-Score     Skill Score         FP         FN         TP         TN
         0.0000          0.8235          0.8485          0.8358          0.8470          6          5         28       3921
         0.0000          0.8235          0.8485          0.8358          0.8470          6          5         28       3921
         0.2500          0.8235          0.8485          0.8358          0.8470          6          5         28       3921
         0.5000          0.8235          0.8485          0.8358          0.8470          6          5         28       3921
         0.7500          0.8235          0.8485          0.8358          0.8470          6          5         28       3921



Hyper-Parameters: 
 - powers........................: (1.8900000000000001, 0.74, 0.55, 0.89, 0.72, 0.47000000000000003, 0.35000000000000003, 1.52, 0.7000000000000001, 0.96, 1.35, 0.64, 0.58)
 - weights.......................: (0.45, 0.05, 0.45, 1.55, 0.55, 1.2000000000000002, 0.15000000000000002, 2.0, 1.75, 1.6500000000000001, 0.8500000000000001, 0.8500000000000001, 0.05)
Fold Wise AUPRC  [0.86, 0.86, 0.86, 0.67, 0.50]
AUC -   0.8788 		AUPRC -   0.7596 

      Threshold       Precision          Recall        F1-Score     Skill Score         FP         FN         TP         TN
         0.0000          1.0000          0.7576          0.8621          0.7576          0          8         25       3927
         0.0000          1.0000          0.7576          0.8621          0.7576          0          8         25       3927
         0.2500          1.0000          0.7576          0.8621          0.7576          0          8         25       3927
         0.5000          1.0000          0.7576          0.8621          0.7576          0          8         25       3927
         0.7500          1.0000          0.7576          0.8621          0.7576          0          8         25       3927



Hyper-Parameters: 
 - powers........................: (0.66, 0.6, 0.26, 0.49, 0.79, 0.91, 0.63, 0.98, 0.72, 0.93, 0.38, 0.42, 0.36)
 - weights.......................: (0.1, 0.8, 0.65, 2.0, 1.55, 0.30000000000000004, 0.7000000000000001, 0.7000000000000001, 0.8500000000000001, 0.9, 1.4500000000000002, 1.75, 1.6500000000000001)
Fold Wise AUPRC  [1.00, 0.86, 0.86, 0.67, 0.50]
AUC -   0.8939 		AUPRC -   0.7896 

      Threshold       Precision          Recall        F1-Score     Skill Score         FP         FN         TP         TN
         0.0000          1.0000          0.7879          0.8814          0.7879          0          7         26       3927
         0.0000          1.0000          0.7879          0.8814          0.7879          0          7         26       3927
         0.2500          1.0000          0.7879          0.8814          0.7879          0          7         26       3927
         0.5000          1.0000          0.7879          0.8814          0.7879          0          7         26       3927
         0.7500          1.0000          0.7879          0.8814          0.7879          0          7         26       3927



Hyper-Parameters: 
 - powers........................: (0.52, 0.56, 0.36, 0.44, 1.28, 1.12, 0.6900000000000001, 0.68, 0.41000000000000003, 0.25, 0.7000000000000001, 0.59, 0.88)
 - weights.......................: (1.85, 0.15000000000000002, 0.9500000000000001, 0.9500000000000001, 1.85, 1.0, 1.4000000000000001, 0.0, 0.25, 1.5, 1.9000000000000001, 1.55, 1.2000000000000002)
Fold Wise AUPRC  [0.86, 0.86, 0.86, 0.50, 0.50]
AUC -   0.8636 		AUPRC -   0.7295 

      Threshold       Precision          Recall        F1-Score     Skill Score         FP         FN         TP         TN
         0.0000          1.0000          0.7273          0.8421          0.7273          0          9         24       3927
         0.0000          1.0000          0.7273          0.8421          0.7273          0          9         24       3927
         0.2500          1.0000          0.7273          0.8421          0.7273          0          9         24       3927
         0.5000          1.0000          0.7273          0.8421          0.7273          0          9         24       3927
         0.7500          1.0000          0.7273          0.8421          0.7273          0          9         24       3927



Hyper-Parameters: 
 - powers........................: (1.1500000000000001, 1.36, 0.99, 0.74, 0.55, 0.32, 0.25, 1.07, 0.79, 1.37, 1.22, 0.88, 0.5)
 - weights.......................: (0.6000000000000001, 0.30000000000000004, 2.0, 0.30000000000000004, 0.35000000000000003, 1.4000000000000001, 0.5, 1.4500000000000002, 1.6, 1.25, 0.30000000000000004, 0.5, 1.4000000000000001)
Fold Wise AUPRC  [0.60, 0.72, 0.86, 0.67, 0.34]
AUC -   0.8332 		AUPRC -   0.6405 

      Threshold       Precision          Recall        F1-Score     Skill Score         FP         FN         TP         TN
         0.0000          0.9565          0.6667          0.7857          0.6664          1         11         22       3926
         0.0000          0.9565          0.6667          0.7857          0.6664          1         11         22       3926
         0.2500          0.9565          0.6667          0.7857          0.6664          1         11         22       3926
         0.5000          0.9565          0.6667          0.7857          0.6664          1         11         22       3926
         0.7500          0.9565          0.6667          0.7857          0.6664          1         11         22       3926



Hyper-Parameters: 
 - powers........................: (0.39, 0.3, 0.45, 0.39, 1.1400000000000001, 0.73, 0.87, 0.25, 0.53, 0.33, 1.68, 1.03, 0.77)
 - weights.......................: (1.55, 0.5, 1.5, 1.7000000000000002, 1.3, 0.8500000000000001, 1.6, 1.75, 0.5, 1.0, 1.6, 0.65, 0.5)
Fold Wise AUPRC  [0.54, 1.00, 1.00, 1.00, 0.50]
AUC -   0.9538 		AUPRC -   0.7583 

      Threshold       Precision          Recall        F1-Score     Skill Score         FP         FN         TP         TN
         0.0000          0.8333          0.9091          0.8696          0.9076          6          3         30       3921
         0.0000          0.8333          0.9091          0.8696          0.9076          6          3         30       3921
         0.2500          0.8333          0.9091          0.8696          0.9076          6          3         30       3921
         0.5000          0.8333          0.9091          0.8696          0.9076          6          3         30       3921
         0.7500          0.8333          0.9091          0.8696          0.9076          6          3         30       3921



Hyper-Parameters: 
 - powers........................: (0.58, 0.37, 1.54, 0.6900000000000001, 0.8200000000000001, 0.65, 1.0, 0.85, 0.6, 0.58, 0.54, 0.27, 0.66)
 - weights.......................: (1.2000000000000002, 2.0, 1.05, 1.9000000000000001, 1.5, 0.5, 1.1, 1.55, 0.65, 1.9000000000000001, 0.4, 1.9000000000000001, 1.7000000000000002)
Fold Wise AUPRC  [0.64, 1.00, 1.00, 1.00, 0.50]
AUC -   0.9540 		AUPRC -   0.8029 

      Threshold       Precision          Recall        F1-Score     Skill Score         FP         FN         TP         TN
         0.0000          0.8824          0.9091          0.8955          0.9081          4          3         30       3923
         0.0000          0.8824          0.9091          0.8955          0.9081          4          3         30       3923
         0.2500          0.8824          0.9091          0.8955          0.9081          4          3         30       3923
         0.5000          0.8824          0.9091          0.8955          0.9081          4          3         30       3923
         0.7500          0.8824          0.9091          0.8955          0.9081          4          3         30       3923



Hyper-Parameters: 
 - powers........................: (0.32, 0.43, 0.32, 0.32, 1.79, 1.29, 1.21, 0.5, 0.31, 0.41000000000000003, 0.74, 0.4, 0.33)
 - weights.......................: (1.6500000000000001, 0.9500000000000001, 1.25, 0.8500000000000001, 1.9500000000000002, 0.75, 0.25, 1.25, 0.05, 0.2, 1.9000000000000001, 1.6500000000000001, 0.75)
Fold Wise AUPRC  [0.46, 0.72, 0.86, 0.67, 0.34]
AUC -   0.8181 		AUPRC -   0.6105 

      Threshold       Precision          Recall        F1-Score     Skill Score         FP         FN         TP         TN
         0.0000          0.9545          0.6364          0.7636          0.6361          1         12         21       3926
         0.0000          0.9545          0.6364          0.7636          0.6361          1         12         21       3926
         0.2500          0.9545          0.6364          0.7636          0.6361          1         12         21       3926
         0.5000          0.9545          0.6364          0.7636          0.6361          1         12         21       3926
         0.7500          0.9545          0.6364          0.7636          0.6361          1         12         21       3926



Hyper-Parameters: 
 - powers........................: (0.43, 1.25, 0.38, 0.53, 1.36, 0.93, 1.53, 0.36, 0.25, 0.67, 0.64, 0.46, 0.47000000000000003)
 - weights.......................: (1.35, 1.25, 1.4000000000000001, 0.75, 1.85, 0.6000000000000001, 0.05, 0.5, 1.05, 1.75, 1.7000000000000002, 1.05, 0.15000000000000002)
Fold Wise AUPRC  [0.72, 0.58, 0.86, 0.50, 0.34]
AUC -   0.8030 		AUPRC -   0.6093 

      Threshold       Precision          Recall        F1-Score     Skill Score         FP         FN         TP         TN
         0.0000          1.0000          0.6061          0.7547          0.6061          0         13         20       3927
         0.0000          1.0000          0.6061          0.7547          0.6061          0         13         20       3927
         0.2500          1.0000          0.6061          0.7547          0.6061          0         13         20       3927
         0.5000          1.0000          0.6061          0.7547          0.6061          0         13         20       3927
         0.7500          1.0000          0.6061          0.7547          0.6061          0         13         20       3927



Hyper-Parameters: 
 - powers........................: (0.88, 0.25, 0.61, 0.34, 0.9400000000000001, 1.53, 1.74, 0.42, 0.37, 0.47000000000000003, 1.47, 0.37, 0.5700000000000001)
 - weights.......................: (1.25, 1.05, 0.5, 1.8, 1.1, 0.35000000000000003, 1.7000000000000002, 1.9000000000000001, 0.8500000000000001, 1.1, 1.35, 0.30000000000000004, 1.1500000000000001)
Fold Wise AUPRC  [0.64, 1.00, 1.00, 1.00, 0.50]
AUC -   0.9540 		AUPRC -   0.8029 

      Threshold       Precision          Recall        F1-Score     Skill Score         FP         FN         TP         TN
         0.0000          0.8824          0.9091          0.8955          0.9081          4          3         30       3923
         0.0000          0.8824          0.9091          0.8955          0.9081          4          3         30       3923
         0.2500          0.8824          0.9091          0.8955          0.9081          4          3         30       3923
         0.5000          0.8824          0.9091          0.8955          0.9081          4          3         30       3923
         0.7500          0.8824          0.9091          0.8955          0.9081          4          3         30       3923



Hyper-Parameters: 
 - powers........................: (1.33, 0.27, 0.52, 1.1300000000000001, 1.55, 1.08, 1.31, 0.6, 0.31, 0.3, 0.9, 0.25, 1.26)
 - weights.......................: (1.4500000000000002, 0.8500000000000001, 0.4, 1.9500000000000002, 0.8, 0.1, 0.9500000000000001, 0.9500000000000001, 0.35000000000000003, 1.5, 1.3, 1.4500000000000002, 1.25)
Fold Wise AUPRC  [0.88, 0.86, 0.86, 0.83, 0.50]
AUC -   0.9090 		AUPRC -   0.7905 

      Threshold       Precision          Recall        F1-Score     Skill Score         FP         FN         TP         TN
         0.0000          0.9643          0.8182          0.8852          0.8179          1          6         27       3926
         0.0000          0.9643          0.8182          0.8852          0.8179          1          6         27       3926
         0.2500          0.9643          0.8182          0.8852          0.8179          1          6         27       3926
         0.5000          0.9643          0.8182          0.8852          0.8179          1          6         27       3926
         0.7500          0.9643          0.8182          0.8852          0.8179          1          6         27       3926



Hyper-Parameters: 
 - powers........................: (1.74, 0.4, 0.8300000000000001, 1.42, 0.5, 0.36, 0.33, 1.6400000000000001, 1.07, 1.79, 1.03, 0.78, 0.53)
 - weights.......................: (0.4, 0.05, 0.0, 1.55, 0.2, 1.25, 0.35000000000000003, 1.6, 1.75, 1.9500000000000002, 0.9500000000000001, 1.4000000000000001, 1.8)
Fold Wise AUPRC  [1.00, 0.86, 0.86, 1.00, 0.50]
AUC -   0.9242 		AUPRC -   0.8497 

      Threshold       Precision          Recall        F1-Score     Skill Score         FP         FN         TP         TN
         0.0000          1.0000          0.8485          0.9180          0.8485          0          5         28       3927
         0.0000          1.0000          0.8485          0.9180          0.8485          0          5         28       3927
         0.2500          1.0000          0.8485          0.9180          0.8485          0          5         28       3927
         0.5000          1.0000          0.8485          0.9180          0.8485          0          5         28       3927
         0.7500          1.0000          0.8485          0.9180          0.8485          0          5         28       3927



Hyper-Parameters: 
 - powers........................: (1.71, 0.32, 0.85, 1.47, 0.49, 0.53, 0.33, 1.6300000000000001, 1.6500000000000001, 1.95, 0.6, 0.75, 0.6900000000000001)
 - weights.......................: (0.35000000000000003, 0.45, 0.25, 1.75, 0.30000000000000004, 1.7000000000000002, 0.55, 1.5, 1.8, 2.0, 1.0, 1.4000000000000001, 1.9000000000000001)
Fold Wise AUPRC  [0.88, 0.86, 1.00, 1.00, 0.50]
AUC -   0.9393 		AUPRC -   0.8505 

      Threshold       Precision          Recall        F1-Score     Skill Score         FP         FN         TP         TN
         0.0000          0.9667          0.8788          0.9206          0.8785          1          4         29       3926
         0.0000          0.9667          0.8788          0.9206          0.8785          1          4         29       3926
         0.2500          0.9667          0.8788          0.9206          0.8785          1          4         29       3926
         0.5000          0.9667          0.8788          0.9206          0.8785          1          4         29       3926
         0.7500          0.9667          0.8788          0.9206          0.8785          1          4         29       3926



Hyper-Parameters: 
 - powers........................: (1.08, 0.33, 1.1300000000000001, 1.73, 0.41000000000000003, 0.52, 0.27, 1.41, 1.61, 1.96, 0.61, 1.1500000000000001, 0.6900000000000001)
 - weights.......................: (0.05, 0.6000000000000001, 0.30000000000000004, 1.85, 0.30000000000000004, 1.8, 0.6000000000000001, 1.05, 1.9000000000000001, 1.9500000000000002, 0.55, 1.2000000000000002, 1.9500000000000002)
Fold Wise AUPRC  [0.88, 0.86, 0.86, 1.00, 0.50]
AUC -   0.9241 		AUPRC -   0.8205 

      Threshold       Precision          Recall        F1-Score     Skill Score         FP         FN         TP         TN
         0.0000          0.9655          0.8485          0.9032          0.8482          1          5         28       3926
         0.0000          0.9655          0.8485          0.9032          0.8482          1          5         28       3926
         0.2500          0.9655          0.8485          0.9032          0.8482          1          5         28       3926
         0.5000          0.9655          0.8485          0.9032          0.8482          1          5         28       3926
         0.7500          0.9655          0.8485          0.9032          0.8482          1          5         28       3926



Hyper-Parameters: 
 - powers........................: (1.46, 0.31, 1.33, 1.97, 0.36, 0.59, 0.33, 1.24, 1.26, 1.75, 0.67, 0.76, 0.39)
 - weights.......................: (0.35000000000000003, 0.45, 0.15000000000000002, 1.4000000000000001, 0.9500000000000001, 1.6500000000000001, 0.4, 1.5, 1.35, 1.9500000000000002, 0.0, 0.0, 1.8)
Fold Wise AUPRC  [0.58, 0.72, 0.72, 0.50, 0.50]
AUC -   0.8030 		AUPRC -   0.6093 

      Threshold       Precision          Recall        F1-Score     Skill Score         FP         FN         TP         TN
         0.0000          1.0000          0.6061          0.7547          0.6061          0         13         20       3927
         0.0000          1.0000          0.6061          0.7547          0.6061          0         13         20       3927
         0.2500          1.0000          0.6061          0.7547          0.6061          0         13         20       3927
         0.5000          1.0000          0.6061          0.7547          0.6061          0         13         20       3927
         0.7500          1.0000          0.6061          0.7547          0.6061          0         13         20       3927



Hyper-Parameters: 
 - powers........................: (1.6, 0.5, 0.7000000000000001, 1.32, 0.65, 0.3, 0.42, 1.71, 1.47, 1.27, 0.5, 1.36, 0.73)
 - weights.......................: (0.7000000000000001, 0.75, 0.05, 1.3, 0.05, 1.9500000000000002, 0.7000000000000001, 1.2000000000000002, 1.8, 1.85, 0.75, 1.1, 1.9000000000000001)
Fold Wise AUPRC  [0.74, 0.86, 0.86, 1.00, 0.50]
AUC -   0.9090 		AUPRC -   0.7905 

      Threshold       Precision          Recall        F1-Score     Skill Score         FP         FN         TP         TN
         0.0000          0.9643          0.8182          0.8852          0.8179          1          6         27       3926
         0.0000          0.9643          0.8182          0.8852          0.8179          1          6         27       3926
         0.2500          0.9643          0.8182          0.8852          0.8179          1          6         27       3926
         0.5000          0.9643          0.8182          0.8852          0.8179          1          6         27       3926
         0.7500          0.9643          0.8182          0.8852          0.8179          1          6         27       3926



Hyper-Parameters: 
 - powers........................: (0.73, 0.36, 0.76, 0.63, 0.38, 0.39, 0.48, 1.9000000000000001, 1.86, 1.98, 1.17, 0.89, 0.43)
 - weights.......................: (0.5, 0.35000000000000003, 0.2, 1.75, 0.65, 1.9000000000000001, 0.5, 1.7000000000000002, 1.1500000000000001, 1.7000000000000002, 0.25, 1.3, 1.55)
Fold Wise AUPRC  [0.88, 0.86, 0.86, 0.83, 0.50]
AUC -   0.9090 		AUPRC -   0.7905 

      Threshold       Precision          Recall        F1-Score     Skill Score         FP         FN         TP         TN
         0.0000          0.9643          0.8182          0.8852          0.8179          1          6         27       3926
         0.0000          0.9643          0.8182          0.8852          0.8179          1          6         27       3926
         0.2500          0.9643          0.8182          0.8852          0.8179          1          6         27       3926
         0.5000          0.9643          0.8182          0.8852          0.8179          1          6         27       3926
         0.7500          0.9643          0.8182          0.8852          0.8179          1          6         27       3926



Hyper-Parameters: 
 - powers........................: (1.97, 0.66, 0.67, 0.5, 0.67, 0.53, 0.52, 0.97, 0.67, 0.98, 0.81, 0.7000000000000001, 1.0)
 - weights.......................: (0.65, 0.15000000000000002, 0.55, 1.6, 0.45, 1.0, 0.15000000000000002, 1.4000000000000001, 1.5, 1.7000000000000002, 1.05, 1.7000000000000002, 1.7000000000000002)
Fold Wise AUPRC  [1.00, 0.86, 0.86, 1.00, 0.50]
AUC -   0.9242 		AUPRC -   0.8497 

      Threshold       Precision          Recall        F1-Score     Skill Score         FP         FN         TP         TN
         0.0000          1.0000          0.8485          0.9180          0.8485          0          5         28       3927
         0.0000          1.0000          0.8485          0.9180          0.8485          0          5         28       3927
         0.2500          1.0000          0.8485          0.9180          0.8485          0          5         28       3927
         0.5000          1.0000          0.8485          0.9180          0.8485          0          5         28       3927
         0.7500          1.0000          0.8485          0.9180          0.8485          0          5         28       3927



Hyper-Parameters: 
 - powers........................: (1.6500000000000001, 0.88, 0.91, 0.52, 1.02, 0.81, 0.53, 0.9500000000000001, 0.67, 0.81, 0.81, 0.71, 1.02)
 - weights.......................: (0.8500000000000001, 0.15000000000000002, 0.55, 1.6, 0.55, 1.0, 0.2, 1.35, 1.4500000000000002, 1.7000000000000002, 1.4000000000000001, 1.7000000000000002, 1.7000000000000002)
Fold Wise AUPRC  [1.00, 0.86, 0.86, 1.00, 0.50]
AUC -   0.9242 		AUPRC -   0.8497 

      Threshold       Precision          Recall        F1-Score     Skill Score         FP         FN         TP         TN
         0.0000          1.0000          0.8485          0.9180          0.8485          0          5         28       3927
         0.0000          1.0000          0.8485          0.9180          0.8485          0          5         28       3927
         0.2500          1.0000          0.8485          0.9180          0.8485          0          5         28       3927
         0.5000          1.0000          0.8485          0.9180          0.8485          0          5         28       3927
         0.7500          1.0000          0.8485          0.9180          0.8485          0          5         28       3927



Hyper-Parameters: 
 - powers........................: (1.7, 0.98, 0.87, 0.43, 1.07, 0.85, 0.8, 0.77, 0.41000000000000003, 0.27, 0.45, 0.8200000000000001, 1.25)
 - weights.......................: (1.85, 0.25, 0.8500000000000001, 1.7000000000000002, 0.75, 0.55, 0.25, 1.35, 1.2000000000000002, 1.8, 1.2000000000000002, 1.85, 1.5)
Fold Wise AUPRC  [0.88, 0.86, 0.86, 1.00, 0.50]
AUC -   0.9241 		AUPRC -   0.8205 

      Threshold       Precision          Recall        F1-Score     Skill Score         FP         FN         TP         TN
         0.0000          0.9655          0.8485          0.9032          0.8482          1          5         28       3926
         0.0000          0.9655          0.8485          0.9032          0.8482          1          5         28       3926
         0.2500          0.9655          0.8485          0.9032          0.8482          1          5         28       3926
         0.5000          0.9655          0.8485          0.9032          0.8482          1          5         28       3926
         0.7500          0.9655          0.8485          0.9032          0.8482          1          5         28       3926



Hyper-Parameters: 
 - powers........................: (1.81, 0.34, 1.2, 1.47, 0.44, 0.53, 0.37, 1.12, 0.9400000000000001, 1.41, 0.59, 1.1, 1.5)
 - weights.......................: (0.25, 0.7000000000000001, 0.7000000000000001, 1.2000000000000002, 0.45, 1.1500000000000001, 0.55, 1.1, 2.0, 1.85, 1.05, 1.6500000000000001, 1.6)
Fold Wise AUPRC  [1.00, 0.86, 0.86, 1.00, 0.50]
AUC -   0.9242 		AUPRC -   0.8497 

      Threshold       Precision          Recall        F1-Score     Skill Score         FP         FN         TP         TN
         0.0000          1.0000          0.8485          0.9180          0.8485          0          5         28       3927
         0.0000          1.0000          0.8485          0.9180          0.8485          0          5         28       3927
         0.2500          1.0000          0.8485          0.9180          0.8485          0          5         28       3927
         0.5000          1.0000          0.8485          0.9180          0.8485          0          5         28       3927
         0.7500          1.0000          0.8485          0.9180          0.8485          0          5         28       3927



Hyper-Parameters: 
 - powers........................: (1.28, 0.43, 1.4000000000000001, 1.53, 0.44, 0.6, 0.37, 1.11, 1.41, 1.48, 0.4, 1.12, 1.77)
 - weights.......................: (0.2, 0.6000000000000001, 0.7000000000000001, 1.0, 1.05, 1.55, 0.8500000000000001, 1.1500000000000001, 1.6500000000000001, 1.55, 1.1500000000000001, 1.5, 1.4000000000000001)
Fold Wise AUPRC  [1.00, 0.86, 0.86, 1.00, 0.50]
AUC -   0.9242 		AUPRC -   0.8497 

      Threshold       Precision          Recall        F1-Score     Skill Score         FP         FN         TP         TN
         0.0000          1.0000          0.8485          0.9180          0.8485          0          5         28       3927
         0.0000          1.0000          0.8485          0.9180          0.8485          0          5         28       3927
         0.2500          1.0000          0.8485          0.9180          0.8485          0          5         28       3927
         0.5000          1.0000          0.8485          0.9180          0.8485          0          5         28       3927
         0.7500          1.0000          0.8485          0.9180          0.8485          0          5         28       3927



Hyper-Parameters: 
 - powers........................: (1.32, 0.45, 1.44, 1.8, 0.32, 0.59, 0.27, 1.18, 2.0, 1.48, 0.31, 1.41, 1.16)
 - weights.......................: (0.0, 0.8500000000000001, 0.8, 0.6000000000000001, 1.1500000000000001, 1.6500000000000001, 0.8500000000000001, 1.5, 1.35, 1.55, 1.1500000000000001, 1.5, 0.9500000000000001)
Fold Wise AUPRC  [0.88, 0.86, 0.86, 0.83, 0.50]
AUC -   0.9090 		AUPRC -   0.7905 

      Threshold       Precision          Recall        F1-Score     Skill Score         FP         FN         TP         TN
         0.0000          0.9643          0.8182          0.8852          0.8179          1          6         27       3926
         0.0000          0.9643          0.8182          0.8852          0.8179          1          6         27       3926
         0.2500          0.9643          0.8182          0.8852          0.8179          1          6         27       3926
         0.5000          0.9643          0.8182          0.8852          0.8179          1          6         27       3926
         0.7500          0.9643          0.8182          0.8852          0.8179          1          6         27       3926



Hyper-Parameters: 
 - powers........................: (1.77, 0.29, 1.07, 1.19, 0.53, 0.75, 0.72, 0.65, 0.49, 0.74, 0.53, 1.07, 1.68)
 - weights.......................: (1.6500000000000001, 0.45, 0.65, 1.2000000000000002, 1.35, 1.2000000000000002, 1.05, 1.0, 0.2, 1.85, 1.6500000000000001, 1.6, 1.25)
Fold Wise AUPRC  [0.88, 0.86, 0.86, 1.00, 0.50]
AUC -   0.9241 		AUPRC -   0.8205 

      Threshold       Precision          Recall        F1-Score     Skill Score         FP         FN         TP         TN
         0.0000          0.9655          0.8485          0.9032          0.8482          1          5         28       3926
         0.0000          0.9655          0.8485          0.9032          0.8482          1          5         28       3926
         0.2500          0.9655          0.8485          0.9032          0.8482          1          5         28       3926
         0.5000          0.9655          0.8485          0.9032          0.8482          1          5         28       3926
         0.7500          0.9655          0.8485          0.9032          0.8482          1          5         28       3926



Hyper-Parameters: 
 - powers........................: (1.44, 0.26, 1.21, 1.47, 0.43, 0.67, 0.36, 0.88, 1.7, 1.84, 0.39, 1.24, 1.71)
 - weights.......................: (0.2, 0.7000000000000001, 0.7000000000000001, 1.0, 0.8500000000000001, 1.5, 1.25, 0.7000000000000001, 1.6500000000000001, 1.4500000000000002, 1.05, 1.8, 1.4000000000000001)
Fold Wise AUPRC  [1.00, 0.86, 0.86, 0.83, 0.50]
AUC -   0.9091 		AUPRC -   0.8197 

      Threshold       Precision          Recall        F1-Score     Skill Score         FP         FN         TP         TN
         0.0000          1.0000          0.8182          0.9000          0.8182          0          6         27       3927
         0.0000          1.0000          0.8182          0.9000          0.8182          0          6         27       3927
         0.2500          1.0000          0.8182          0.9000          0.8182          0          6         27       3927
         0.5000          1.0000          0.8182          0.9000          0.8182          0          6         27       3927
         0.7500          1.0000          0.8182          0.9000          0.8182          0          6         27       3927



Hyper-Parameters: 
 - powers........................: (0.92, 1.59, 0.45, 1.0, 0.46, 0.42, 0.3, 1.44, 1.58, 1.11, 0.35000000000000003, 0.53, 0.62)
 - weights.......................: (0.55, 0.35000000000000003, 0.35000000000000003, 1.35, 0.15000000000000002, 1.7000000000000002, 0.65, 1.9000000000000001, 1.8, 2.0, 0.65, 0.8, 1.8)
Fold Wise AUPRC  [0.88, 0.86, 1.00, 1.00, 0.50]
AUC -   0.9393 		AUPRC -   0.8505 

      Threshold       Precision          Recall        F1-Score     Skill Score         FP         FN         TP         TN
         0.0000          0.9667          0.8788          0.9206          0.8785          1          4         29       3926
         0.0000          0.9667          0.8788          0.9206          0.8785          1          4         29       3926
         0.2500          0.9667          0.8788          0.9206          0.8785          1          4         29       3926
         0.5000          0.9667          0.8788          0.9206          0.8785          1          4         29       3926
         0.7500          0.9667          0.8788          0.9206          0.8785          1          4         29       3926



Hyper-Parameters: 
 - powers........................: (0.98, 1.49, 0.4, 1.0, 0.76, 0.46, 0.46, 1.8800000000000001, 1.6, 1.2, 0.35000000000000003, 0.61, 0.86)
 - weights.......................: (0.8, 0.05, 0.1, 1.4500000000000002, 0.25, 1.7000000000000002, 0.65, 1.85, 1.55, 2.0, 0.8500000000000001, 0.4, 2.0)
Fold Wise AUPRC  [0.74, 0.86, 0.86, 1.00, 0.50]
AUC -   0.9090 		AUPRC -   0.7905 

      Threshold       Precision          Recall        F1-Score     Skill Score         FP         FN         TP         TN
         0.0000          0.9643          0.8182          0.8852          0.8179          1          6         27       3926
         0.0000          0.9643          0.8182          0.8852          0.8179          1          6         27       3926
         0.2500          0.9643          0.8182          0.8852          0.8179          1          6         27       3926
         0.5000          0.9643          0.8182          0.8852          0.8179          1          6         27       3926
         0.7500          0.9643          0.8182          0.8852          0.8179          1          6         27       3926



Hyper-Parameters: 
 - powers........................: (0.6, 1.6400000000000001, 1.8900000000000001, 1.05, 0.28, 0.43, 0.31, 1.05, 1.76, 1.1, 0.32, 0.56, 0.9500000000000001)
 - weights.......................: (0.30000000000000004, 0.35000000000000003, 0.35000000000000003, 1.9000000000000001, 1.2000000000000002, 1.85, 0.9500000000000001, 1.9000000000000001, 1.8, 1.6, 0.65, 0.8, 1.9000000000000001)
Fold Wise AUPRC  [0.70, 1.00, 1.00, 1.00, 0.50]
AUC -   0.9542 		AUPRC -   0.8272 

      Threshold       Precision          Recall        F1-Score     Skill Score         FP         FN         TP         TN
         0.0000          0.9091          0.9091          0.9091          0.9083          3          3         30       3924
         0.0000          0.9091          0.9091          0.9091          0.9083          3          3         30       3924
         0.2500          0.9091          0.9091          0.9091          0.9083          3          3         30       3924
         0.5000          0.9091          0.9091          0.9091          0.9083          3          3         30       3924
         0.7500          0.9091          0.9091          0.9091          0.9083          3          3         30       3924



Hyper-Parameters: 
 - powers........................: (0.68, 1.1500000000000001, 0.34, 0.78, 0.46, 0.96, 0.29, 1.59, 0.76, 0.89, 0.26, 0.51, 0.61)
 - weights.......................: (0.5, 0.30000000000000004, 0.25, 1.4500000000000002, 0.05, 2.0, 0.75, 1.9500000000000002, 1.0, 1.35, 0.15000000000000002, 0.1, 1.6500000000000001)
Fold Wise AUPRC  [0.60, 0.72, 0.86, 0.67, 0.50]
AUC -   0.8484 		AUPRC -   0.6705 

      Threshold       Precision          Recall        F1-Score     Skill Score         FP         FN         TP         TN
         0.0000          0.9583          0.6970          0.8070          0.6967          1         10         23       3926
         0.0000          0.9583          0.6970          0.8070          0.6967          1         10         23       3926
         0.2500          0.9583          0.6970          0.8070          0.6967          1         10         23       3926
         0.5000          0.9583          0.6970          0.8070          0.6967          1         10         23       3926
         0.7500          0.9583          0.6970          0.8070          0.6967          1         10         23       3926



Hyper-Parameters: 
 - powers........................: (1.2, 1.87, 0.47000000000000003, 1.6600000000000001, 0.6, 0.34, 0.3, 1.44, 1.1500000000000001, 1.67, 0.28, 0.9500000000000001, 0.81)
 - weights.......................: (0.4, 0.45, 0.45, 1.35, 0.15000000000000002, 1.9000000000000001, 0.45, 1.9500000000000002, 2.0, 1.9000000000000001, 0.5, 0.75, 1.9500000000000002)
Fold Wise AUPRC  [0.88, 0.86, 0.86, 1.00, 0.50]
AUC -   0.9241 		AUPRC -   0.8205 

      Threshold       Precision          Recall        F1-Score     Skill Score         FP         FN         TP         TN
         0.0000          0.9655          0.8485          0.9032          0.8482          1          5         28       3926
         0.0000          0.9655          0.8485          0.9032          0.8482          1          5         28       3926
         0.2500          0.9655          0.8485          0.9032          0.8482          1          5         28       3926
         0.5000          0.9655          0.8485          0.9032          0.8482          1          5         28       3926
         0.7500          0.9655          0.8485          0.9032          0.8482          1          5         28       3926



Hyper-Parameters: 
 - powers........................: (1.12, 0.38, 0.62, 0.9500000000000001, 0.5, 0.41000000000000003, 0.26, 1.33, 1.12, 1.34, 1.86, 0.48, 0.65)
 - weights.......................: (0.55, 0.9, 0.30000000000000004, 1.55, 0.35000000000000003, 1.4000000000000001, 0.55, 1.75, 1.9500000000000002, 1.4000000000000001, 0.9500000000000001, 0.5, 1.85)
Fold Wise AUPRC  [0.88, 0.86, 1.00, 1.00, 0.50]
AUC -   0.9393 		AUPRC -   0.8505 

      Threshold       Precision          Recall        F1-Score     Skill Score         FP         FN         TP         TN
         0.0000          0.9667          0.8788          0.9206          0.8785          1          4         29       3926
         0.0000          0.9667          0.8788          0.9206          0.8785          1          4         29       3926
         0.2500          0.9667          0.8788          0.9206          0.8785          1          4         29       3926
         0.5000          0.9667          0.8788          0.9206          0.8785          1          4         29       3926
         0.7500          0.9667          0.8788          0.9206          0.8785          1          4         29       3926



Hyper-Parameters: 
 - powers........................: (1.11, 0.39, 0.79, 0.97, 0.3, 0.45, 0.4, 1.35, 1.25, 1.09, 0.33, 0.48, 0.76)
 - weights.......................: (0.6000000000000001, 1.2000000000000002, 0.2, 1.55, 0.35000000000000003, 1.4000000000000001, 0.9, 1.6500000000000001, 1.9500000000000002, 0.6000000000000001, 0.8, 0.5, 1.75)
Fold Wise AUPRC  [0.70, 0.86, 1.00, 0.83, 0.50]
AUC -   0.9239 		AUPRC -   0.7676 

      Threshold       Precision          Recall        F1-Score     Skill Score         FP         FN         TP         TN
         0.0000          0.9032          0.8485          0.8750          0.8477          3          5         28       3924
         0.0000          0.9032          0.8485          0.8750          0.8477          3          5         28       3924
         0.2500          0.9032          0.8485          0.8750          0.8477          3          5         28       3924
         0.5000          0.9032          0.8485          0.8750          0.8477          3          5         28       3924
         0.7500          0.9032          0.8485          0.8750          0.8477          3          5         28       3924



Hyper-Parameters: 
 - powers........................: (1.54, 0.81, 0.52, 1.3, 0.4, 0.4, 0.26, 1.27, 1.53, 0.8300000000000001, 1.85, 0.55, 0.65)
 - weights.......................: (0.9500000000000001, 1.35, 0.05, 1.1, 0.30000000000000004, 1.3, 1.1500000000000001, 2.0, 1.9000000000000001, 1.2000000000000002, 0.9500000000000001, 0.45, 1.85)
Fold Wise AUPRC  [0.70, 0.86, 1.00, 1.00, 0.50]
AUC -   0.9390 		AUPRC -   0.7974 

      Threshold       Precision          Recall        F1-Score     Skill Score         FP         FN         TP         TN
         0.0000          0.9062          0.8788          0.8923          0.8780          3          4         29       3924
         0.0000          0.9062          0.8788          0.8923          0.8780          3          4         29       3924
         0.2500          0.9062          0.8788          0.8923          0.8780          3          4         29       3924
         0.5000          0.9062          0.8788          0.8923          0.8780          3          4         29       3924
         0.7500          0.9062          0.8788          0.8923          0.8780          3          4         29       3924



Hyper-Parameters: 
 - powers........................: (1.03, 0.31, 0.72, 0.88, 0.52, 0.36, 0.26, 1.03, 1.35, 1.58, 0.44, 0.61, 0.92)
 - weights.......................: (0.55, 1.5, 0.15000000000000002, 1.35, 0.6000000000000001, 1.75, 0.75, 1.75, 1.8, 1.4000000000000001, 0.75, 0.65, 2.0)
Fold Wise AUPRC  [0.70, 0.86, 1.00, 1.00, 0.50]
AUC -   0.9390 		AUPRC -   0.7974 

      Threshold       Precision          Recall        F1-Score     Skill Score         FP         FN         TP         TN
         0.0000          0.9062          0.8788          0.8923          0.8780          3          4         29       3924
         0.0000          0.9062          0.8788          0.8923          0.8780          3          4         29       3924
         0.2500          0.9062          0.8788          0.8923          0.8780          3          4         29       3924
         0.5000          0.9062          0.8788          0.8923          0.8780          3          4         29       3924
         0.7500          0.9062          0.8788          0.8923          0.8780          3          4         29       3924



Hyper-Parameters: 
 - powers........................: (0.9500000000000001, 0.48, 0.58, 1.25, 0.58, 0.32, 0.39, 1.33, 1.04, 1.35, 0.48, 0.84, 1.1)
 - weights.......................: (1.0, 1.05, 0.35000000000000003, 1.25, 0.45, 1.6, 0.8, 1.8, 1.6, 0.5, 0.65, 0.35000000000000003, 1.5)
Fold Wise AUPRC  [0.57, 0.86, 1.00, 0.83, 0.50]
AUC -   0.9087 		AUPRC -   0.7379 

      Threshold       Precision          Recall        F1-Score     Skill Score         FP         FN         TP         TN
         0.0000          0.9000          0.8182          0.8571          0.8174          3          6         27       3924
         0.0000          0.9000          0.8182          0.8571          0.8174          3          6         27       3924
         0.2500          0.9000          0.8182          0.8571          0.8174          3          6         27       3924
         0.5000          0.9000          0.8182          0.8571          0.8174          3          6         27       3924
         0.7500          0.9000          0.8182          0.8571          0.8174          3          6         27       3924



Hyper-Parameters: 
 - powers........................: (0.88, 1.69, 0.64, 1.17, 0.64, 0.51, 0.28, 1.6, 1.95, 1.29, 0.25, 0.52, 0.68)
 - weights.......................: (0.75, 0.9, 0.5, 1.8, 0.25, 1.4500000000000002, 0.30000000000000004, 1.75, 1.85, 1.1500000000000001, 1.0, 0.2, 0.4)
Fold Wise AUPRC  [0.40, 0.86, 0.86, 0.67, 0.50]
AUC -   0.8631 		AUPRC -   0.6256 

      Threshold       Precision          Recall        F1-Score     Skill Score         FP         FN         TP         TN
         0.0000          0.8571          0.7273          0.7869          0.7263          4          9         24       3923
         0.0000          0.8571          0.7273          0.7869          0.7263          4          9         24       3923
         0.2500          0.8571          0.7273          0.7869          0.7263          4          9         24       3923
         0.5000          0.8571          0.7273          0.7869          0.7263          4          9         24       3923
         0.7500          0.8571          0.7273          0.7869          0.7263          4          9         24       3923



Hyper-Parameters: 
 - powers........................: (0.79, 0.42, 1.01, 1.85, 0.55, 0.49, 0.32, 1.45, 0.98, 0.99, 0.27, 1.8, 0.84)
 - weights.......................: (0.8500000000000001, 0.55, 0.25, 1.1, 0.0, 1.55, 0.55, 1.85, 1.7000000000000002, 0.9500000000000001, 1.25, 0.9500000000000001, 1.9000000000000001)
Fold Wise AUPRC  [0.88, 0.86, 0.86, 1.00, 0.50]
AUC -   0.9241 		AUPRC -   0.8205 

      Threshold       Precision          Recall        F1-Score     Skill Score         FP         FN         TP         TN
         0.0000          0.9655          0.8485          0.9032          0.8482          1          5         28       3926
         0.0000          0.9655          0.8485          0.9032          0.8482          1          5         28       3926
         0.2500          0.9655          0.8485          0.9032          0.8482          1          5         28       3926
         0.5000          0.9655          0.8485          0.9032          0.8482          1          5         28       3926
         0.7500          0.9655          0.8485          0.9032          0.8482          1          5         28       3926



Hyper-Parameters: 
 - powers........................: (1.97, 1.26, 0.9500000000000001, 0.66, 0.33, 0.38, 0.43, 1.75, 1.42, 1.19, 0.93, 0.6900000000000001, 0.59)
 - weights.......................: (0.30000000000000004, 0.8, 0.4, 1.4000000000000001, 0.15000000000000002, 1.75, 0.4, 1.6, 1.9500000000000002, 0.8, 0.65, 0.25, 1.8)
Fold Wise AUPRC  [0.60, 0.72, 0.86, 0.67, 0.50]
AUC -   0.8484 		AUPRC -   0.6705 

      Threshold       Precision          Recall        F1-Score     Skill Score         FP         FN         TP         TN
         0.0000          0.9583          0.6970          0.8070          0.6967          1         10         23       3926
         0.0000          0.9583          0.6970          0.8070          0.6967          1         10         23       3926
         0.2500          0.9583          0.6970          0.8070          0.6967          1         10         23       3926
         0.5000          0.9583          0.6970          0.8070          0.6967          1         10         23       3926
         0.7500          0.9583          0.6970          0.8070          0.6967          1         10         23       3926



Hyper-Parameters: 
 - powers........................: (1.42, 0.51, 0.42, 1.36, 0.36, 0.56, 0.34, 0.91, 1.6600000000000001, 1.06, 0.35000000000000003, 0.35000000000000003, 0.54)
 - weights.......................: (1.05, 0.6000000000000001, 0.35000000000000003, 1.1500000000000001, 0.35000000000000003, 1.3, 0.65, 1.7000000000000002, 1.4500000000000002, 1.05, 0.45, 0.6000000000000001, 0.65)
Fold Wise AUPRC  [0.60, 0.72, 0.86, 0.67, 0.50]
AUC -   0.8484 		AUPRC -   0.6705 

      Threshold       Precision          Recall        F1-Score     Skill Score         FP         FN         TP         TN
         0.0000          0.9583          0.6970          0.8070          0.6967          1         10         23       3926
         0.0000          0.9583          0.6970          0.8070          0.6967          1         10         23       3926
         0.2500          0.9583          0.6970          0.8070          0.6967          1         10         23       3926
         0.5000          0.9583          0.6970          0.8070          0.6967          1         10         23       3926
         0.7500          0.9583          0.6970          0.8070          0.6967          1         10         23       3926



Hyper-Parameters: 
 - powers........................: (1.27, 0.45, 0.55, 1.55, 0.48, 0.3, 0.6, 1.17, 1.8, 0.76, 0.56, 0.99, 0.63)
 - weights.......................: (0.7000000000000001, 1.1500000000000001, 0.6000000000000001, 0.8500000000000001, 0.7000000000000001, 1.85, 1.05, 1.4500000000000002, 1.75, 1.4000000000000001, 0.9, 0.7000000000000001, 1.6500000000000001)
Fold Wise AUPRC  [0.78, 0.86, 0.86, 1.00, 0.50]
AUC -   0.9240 		AUPRC -   0.7932 

      Threshold       Precision          Recall        F1-Score     Skill Score         FP         FN         TP         TN
         0.0000          0.9333          0.8485          0.8889          0.8480          2          5         28       3925
         0.0000          0.9333          0.8485          0.8889          0.8480          2          5         28       3925
         0.2500          0.9333          0.8485          0.8889          0.8480          2          5         28       3925
         0.5000          0.9333          0.8485          0.8889          0.8480          2          5         28       3925
         0.7500          0.9333          0.8485          0.8889          0.8480          2          5         28       3925



Hyper-Parameters: 
 - powers........................: (0.84, 0.9400000000000001, 0.8, 0.85, 0.26, 0.41000000000000003, 0.3, 1.83, 1.1, 1.53, 0.41000000000000003, 0.45, 0.51)
 - weights.......................: (0.1, 1.4000000000000001, 0.1, 1.3, 0.65, 1.7000000000000002, 1.4000000000000001, 1.9500000000000002, 1.25, 1.3, 0.55, 0.8500000000000001, 1.75)
Fold Wise AUPRC  [0.70, 1.00, 1.00, 1.00, 0.50]
AUC -   0.9542 		AUPRC -   0.8272 

      Threshold       Precision          Recall        F1-Score     Skill Score         FP         FN         TP         TN
         0.0000          0.9091          0.9091          0.9091          0.9083          3          3         30       3924
         0.0000          0.9091          0.9091          0.9091          0.9083          3          3         30       3924
         0.2500          0.9091          0.9091          0.9091          0.9083          3          3         30       3924
         0.5000          0.9091          0.9091          0.9091          0.9083          3          3         30       3924
         0.7500          0.9091          0.9091          0.9091          0.9083          3          3         30       3924



Hyper-Parameters: 
 - powers........................: (1.1300000000000001, 0.71, 0.6, 0.93, 0.34, 0.63, 0.45, 0.78, 1.22, 1.1400000000000001, 1.52, 0.58, 0.76)
 - weights.......................: (0.55, 0.7000000000000001, 0.5, 1.6500000000000001, 0.55, 1.4000000000000001, 0.9, 1.55, 1.9000000000000001, 0.30000000000000004, 0.8, 1.0, 0.25)
Fold Wise AUPRC  [0.57, 0.86, 0.86, 0.67, 0.34]
AUC -   0.8633 		AUPRC -   0.6487 

      Threshold       Precision          Recall        F1-Score     Skill Score         FP         FN         TP         TN
         0.0000          0.8889          0.7273          0.8000          0.7265          3          9         24       3924
         0.0000          0.8889          0.7273          0.8000          0.7265          3          9         24       3924
         0.2500          0.8889          0.7273          0.8000          0.7265          3          9         24       3924
         0.5000          0.8889          0.7273          0.8000          0.7265          3          9         24       3924
         0.7500          0.8889          0.7273          0.8000          0.7265          3          9         24       3924



Hyper-Parameters: 
 - powers........................: (1.23, 0.31, 0.64, 0.72, 0.63, 0.71, 0.66, 1.58, 0.91, 1.23, 0.37, 0.62, 0.72)
 - weights.......................: (0.15000000000000002, 1.85, 0.30000000000000004, 1.9500000000000002, 0.1, 1.35, 0.5, 1.9000000000000001, 1.7000000000000002, 1.5, 1.3, 0.1, 1.55)
Fold Wise AUPRC  [0.70, 0.86, 1.00, 1.00, 0.50]
AUC -   0.9390 		AUPRC -   0.7974 

      Threshold       Precision          Recall        F1-Score     Skill Score         FP         FN         TP         TN
         0.0000          0.9062          0.8788          0.8923          0.8780          3          4         29       3924
         0.0000          0.9062          0.8788          0.8923          0.8780          3          4         29       3924
         0.2500          0.9062          0.8788          0.8923          0.8780          3          4         29       3924
         0.5000          0.9062          0.8788          0.8923          0.8780          3          4         29       3924
         0.7500          0.9062          0.8788          0.8923          0.8780          3          4         29       3924



Hyper-Parameters: 
 - powers........................: (1.87, 0.38, 0.46, 1.1400000000000001, 0.39, 0.26, 0.26, 0.74, 1.31, 1.67, 1.34, 0.49, 0.8)
 - weights.......................: (0.9, 0.9, 0.45, 1.05, 0.05, 1.55, 0.55, 1.8, 1.55, 0.65, 0.4, 0.55, 0.8)
Fold Wise AUPRC  [0.60, 0.72, 0.86, 0.67, 0.34]
AUC -   0.8332 		AUPRC -   0.6405 

      Threshold       Precision          Recall        F1-Score     Skill Score         FP         FN         TP         TN
         0.0000          0.9565          0.6667          0.7857          0.6664          1         11         22       3926
         0.0000          0.9565          0.6667          0.7857          0.6664          1         11         22       3926
         0.2500          0.9565          0.6667          0.7857          0.6664          1         11         22       3926
         0.5000          0.9565          0.6667          0.7857          0.6664          1         11         22       3926
         0.7500          0.9565          0.6667          0.7857          0.6664          1         11         22       3926



Hyper-Parameters: 
 - powers........................: (1.06, 0.77, 0.5, 1.05, 0.75, 0.47000000000000003, 0.31, 1.7, 1.8900000000000001, 0.68, 1.02, 0.31, 0.98)
 - weights.......................: (0.45, 1.0, 0.2, 1.5, 0.5, 1.9500000000000002, 1.5, 1.6500000000000001, 1.6500000000000001, 1.75, 1.5, 0.15000000000000002, 0.55)
Fold Wise AUPRC  [0.70, 1.00, 1.00, 1.00, 0.50]
AUC -   0.9542 		AUPRC -   0.8272 

      Threshold       Precision          Recall        F1-Score     Skill Score         FP         FN         TP         TN
         0.0000          0.9091          0.9091          0.9091          0.9083          3          3         30       3924
         0.0000          0.9091          0.9091          0.9091          0.9083          3          3         30       3924
         0.2500          0.9091          0.9091          0.9091          0.9083          3          3         30       3924
         0.5000          0.9091          0.9091          0.9091          0.9083          3          3         30       3924
         0.7500          0.9091          0.9091          0.9091          0.9083          3          3         30       3924



Hyper-Parameters: 
 - powers........................: (1.37, 0.28, 0.49, 1.09, 0.5700000000000001, 0.28, 0.28, 1.01, 0.84, 1.41, 0.51, 0.53, 0.9)
 - weights.......................: (1.1500000000000001, 1.7000000000000002, 1.1, 0.9500000000000001, 0.9500000000000001, 1.6500000000000001, 0.8, 1.25, 1.85, 1.6500000000000001, 0.7000000000000001, 0.9, 1.1500000000000001)
Fold Wise AUPRC  [0.64, 0.86, 0.86, 1.00, 0.50]
AUC -   0.9237 		AUPRC -   0.7437 

      Threshold       Precision          Recall        F1-Score     Skill Score         FP         FN         TP         TN
         0.0000          0.8750          0.8485          0.8615          0.8475          4          5         28       3923
         0.0000          0.8750          0.8485          0.8615          0.8475          4          5         28       3923
         0.2500          0.8750          0.8485          0.8615          0.8475          4          5         28       3923
         0.5000          0.8750          0.8485          0.8615          0.8475          4          5         28       3923
         0.7500          0.8750          0.8485          0.8615          0.8475          4          5         28       3923



Best Parameters...
 - modelwt10.....................: 1.0
 - modelwt11.....................: 1.4
 - modelwt12.....................: 1.9
 - modelwt6......................: 0.55
 - modelwt7......................: 1.5
 - modelwt4......................: 0.3
 - modelwt5......................: 1.7
 - modelwt2......................: 0.25
 - modelwt3......................: 1.75
 - modelwt0......................: 0.35
 - modelwt1......................: 0.45
 - modelpow12....................: 0.69
 - modelpow10....................: 0.6
 - modelpow11....................: 0.75
 - modelwt8......................: 1.8
 - modelwt9......................: 2.0
 - z_score.......................: 0.920634920635
 - modelpow4.....................: 0.49
 - modelpow5.....................: 0.53
 - modelpow6.....................: 0.33
 - modelpow7.....................: 1.63
 - modelpow0.....................: 1.71
 - modelpow1.....................: 0.32
 - modelpow2.....................: 0.85
 - modelpow3.....................: 1.47
 - modelpow8.....................: 1.65
 - modelpow9.....................: 1.95
