

Hyper-Parameters: 
 - powers........................: (0.5, 0.72, 0.75, 1.57, 0.29, 1.0, 0.79, 0.71, 0.78, 0.27, 1.1, 1.55, 0.63)
 - weights.......................: (1.2000000000000002, 0.30000000000000004, 0.9, 0.2, 1.1500000000000001, 1.05, 0.8, 0.4, 1.7000000000000002, 1.75, 0.9, 1.1500000000000001, 0.8500000000000001)
Fold Wise AUPRC  [0.43, 0.58, 0.86, 0.50, 0.34]
AUC -   0.7727 		AUPRC -   0.5492 

      Threshold       Precision          Recall        F1-Score     Skill Score         FP         FN         TP         TN
         0.0000          1.0000          0.5455          0.7059          0.5455          0         15         18       3927
         0.0000          1.0000          0.5455          0.7059          0.5455          0         15         18       3927
         0.2500          1.0000          0.5455          0.7059          0.5455          0         15         18       3927
         0.5000          1.0000          0.5455          0.7059          0.5455          0         15         18       3927
         0.7500          1.0000          0.5455          0.7059          0.5455          0         15         18       3927



Hyper-Parameters: 
 - powers........................: (0.86, 0.62, 0.32, 0.61, 0.34, 1.48, 0.43, 1.21, 0.27, 1.02, 0.33, 1.95, 0.46)
 - weights.......................: (0.8, 0.1, 1.55, 0.9500000000000001, 0.4, 1.25, 0.1, 1.7000000000000002, 1.9500000000000002, 0.8500000000000001, 1.2000000000000002, 0.2, 0.35000000000000003)
Fold Wise AUPRC  [0.38, 0.72, 0.86, 0.67, 0.34]
AUC -   0.8179 		AUPRC -   0.5841 

      Threshold       Precision          Recall        F1-Score     Skill Score         FP         FN         TP         TN
         0.0000          0.9130          0.6364          0.7500          0.6359          2         12         21       3925
         0.0000          0.9130          0.6364          0.7500          0.6359          2         12         21       3925
         0.2500          0.9130          0.6364          0.7500          0.6359          2         12         21       3925
         0.5000          0.9130          0.6364          0.7500          0.6359          2         12         21       3925
         0.7500          0.9130          0.6364          0.7500          0.6359          2         12         21       3925



Hyper-Parameters: 
 - powers........................: (0.7000000000000001, 1.77, 0.38, 1.18, 1.8800000000000001, 1.25, 0.76, 0.64, 1.7, 1.37, 0.9400000000000001, 1.67, 1.26)
 - weights.......................: (0.55, 1.1500000000000001, 1.8, 1.25, 1.6500000000000001, 1.05, 1.4000000000000001, 0.4, 1.25, 0.45, 0.8, 0.4, 1.7000000000000002)
Fold Wise AUPRC  [0.52, 0.86, 0.86, 0.67, 0.34]
AUC -   0.8631 		AUPRC -   0.6256 

      Threshold       Precision          Recall        F1-Score     Skill Score         FP         FN         TP         TN
         0.0000          0.8571          0.7273          0.7869          0.7263          4          9         24       3923
         0.0000          0.8571          0.7273          0.7869          0.7263          4          9         24       3923
         0.2500          0.8571          0.7273          0.7869          0.7263          4          9         24       3923
         0.5000          0.8571          0.7273          0.7869          0.7263          4          9         24       3923
         0.7500          0.8571          0.7273          0.7869          0.7263          4          9         24       3923



Hyper-Parameters: 
 - powers........................: (1.82, 0.45, 0.31, 0.99, 0.31, 1.06, 0.55, 1.1500000000000001, 0.97, 0.29, 0.49, 1.72, 0.97)
 - weights.......................: (1.1, 0.1, 0.9, 1.05, 1.3, 0.9, 1.8, 0.30000000000000004, 1.05, 1.5, 1.25, 0.1, 0.05)
Fold Wise AUPRC  [0.51, 0.86, 0.86, 0.50, 0.50]
AUC -   0.8482 		AUPRC -   0.6437 

      Threshold       Precision          Recall        F1-Score     Skill Score         FP         FN         TP         TN
         0.0000          0.9200          0.6970          0.7931          0.6965          2         10         23       3925
         0.0000          0.9200          0.6970          0.7931          0.6965          2         10         23       3925
         0.2500          0.9200          0.6970          0.7931          0.6965          2         10         23       3925
         0.5000          0.9200          0.6970          0.7931          0.6965          2         10         23       3925
         0.7500          0.9200          0.6970          0.7931          0.6965          2         10         23       3925



Hyper-Parameters: 
 - powers........................: (0.45, 0.86, 1.02, 0.41000000000000003, 0.73, 0.79, 0.25, 0.84, 0.46, 0.96, 0.88, 0.5700000000000001, 0.77)
 - weights.......................: (1.7000000000000002, 0.15000000000000002, 1.75, 0.30000000000000004, 0.8500000000000001, 0.15000000000000002, 0.65, 1.0, 0.4, 0.4, 0.8500000000000001, 1.25, 0.9500000000000001)
Fold Wise AUPRC  [0.43, 0.72, 0.86, 0.34, 0.34]
AUC -   0.7727 		AUPRC -   0.5492 

      Threshold       Precision          Recall        F1-Score     Skill Score         FP         FN         TP         TN
         0.0000          1.0000          0.5455          0.7059          0.5455          0         15         18       3927
         0.0000          1.0000          0.5455          0.7059          0.5455          0         15         18       3927
         0.2500          1.0000          0.5455          0.7059          0.5455          0         15         18       3927
         0.5000          1.0000          0.5455          0.7059          0.5455          0         15         18       3927
         0.7500          1.0000          0.5455          0.7059          0.5455          0         15         18       3927



Hyper-Parameters: 
 - powers........................: (1.26, 1.3800000000000001, 1.51, 1.09, 0.62, 0.37, 0.47000000000000003, 0.49, 0.5, 1.8800000000000001, 1.26, 1.32, 1.3900000000000001)
 - weights.......................: (1.55, 0.2, 0.05, 0.8500000000000001, 0.6000000000000001, 0.9500000000000001, 1.3, 0.15000000000000002, 1.6, 0.9, 1.4000000000000001, 0.0, 1.0)
Fold Wise AUPRC  [0.29, 0.86, 0.86, 0.50, 0.34]
AUC -   0.7879 		AUPRC -   0.5793 

      Threshold       Precision          Recall        F1-Score     Skill Score         FP         FN         TP         TN
         0.0000          1.0000          0.5758          0.7308          0.5758          0         14         19       3927
         0.0000          1.0000          0.5758          0.7308          0.5758          0         14         19       3927
         0.2500          1.0000          0.5758          0.7308          0.5758          0         14         19       3927
         0.5000          1.0000          0.5758          0.7308          0.5758          0         14         19       3927
         0.7500          1.0000          0.5758          0.7308          0.5758          0         14         19       3927



Hyper-Parameters: 
 - powers........................: (1.85, 1.46, 1.11, 1.17, 0.3, 0.29, 1.3800000000000001, 1.69, 0.59, 0.25, 0.34, 0.98, 0.64)
 - weights.......................: (1.35, 1.4500000000000002, 1.2000000000000002, 0.2, 0.4, 1.2000000000000002, 1.0, 0.6000000000000001, 1.8, 0.30000000000000004, 1.25, 0.35000000000000003, 1.85)
Fold Wise AUPRC  [0.15, 0.72, 0.86, 0.83, 0.34]
AUC -   0.8028 		AUPRC -   0.5542 

      Threshold       Precision          Recall        F1-Score     Skill Score         FP         FN         TP         TN
         0.0000          0.9091          0.6061          0.7273          0.6056          2         13         20       3925
         0.0000          0.9091          0.6061          0.7273          0.6056          2         13         20       3925
         0.2500          0.9091          0.6061          0.7273          0.6056          2         13         20       3925
         0.5000          0.9091          0.6061          0.7273          0.6056          2         13         20       3925
         0.7500          0.9091          0.6061          0.7273          0.6056          2         13         20       3925



Hyper-Parameters: 
 - powers........................: (1.53, 0.54, 1.93, 1.29, 0.79, 0.74, 0.52, 0.39, 1.58, 0.55, 1.75, 0.41000000000000003, 1.41)
 - weights.......................: (1.6500000000000001, 1.6, 0.7000000000000001, 1.35, 0.7000000000000001, 0.9500000000000001, 1.1, 0.45, 1.0, 0.6000000000000001, 0.7000000000000001, 1.25, 1.4500000000000002)
Fold Wise AUPRC  [0.45, 0.86, 0.86, 0.67, 0.34]
AUC -   0.8481 		AUPRC -   0.6191 

      Threshold       Precision          Recall        F1-Score     Skill Score         FP         FN         TP         TN
         0.0000          0.8846          0.6970          0.7797          0.6962          3         10         23       3924
         0.0000          0.8846          0.6970          0.7797          0.6962          3         10         23       3924
         0.2500          0.8846          0.6970          0.7797          0.6962          3         10         23       3924
         0.5000          0.8846          0.6970          0.7797          0.6962          3         10         23       3924
         0.7500          0.8846          0.6970          0.7797          0.6962          3         10         23       3924



Hyper-Parameters: 
 - powers........................: (0.41000000000000003, 0.93, 1.56, 0.42, 0.53, 0.74, 0.41000000000000003, 0.63, 0.65, 0.46, 1.62, 1.05, 0.31)
 - weights.......................: (0.1, 1.8, 1.9000000000000001, 0.15000000000000002, 0.30000000000000004, 1.35, 1.2000000000000002, 0.45, 0.2, 0.5, 0.30000000000000004, 1.9500000000000002, 0.45)
Fold Wise AUPRC  [0.26, 0.72, 0.43, 0.34, 0.34]
AUC -   0.7270 		AUPRC -   0.4056 

      Threshold       Precision          Recall        F1-Score     Skill Score         FP         FN         TP         TN
         0.0000          0.8824          0.4545          0.6000          0.4540          2         18         15       3925
         0.0000          0.8824          0.4545          0.6000          0.4540          2         18         15       3925
         0.2500          0.8824          0.4545          0.6000          0.4540          2         18         15       3925
         0.5000          0.8824          0.4545          0.6000          0.4540          2         18         15       3925
         0.7500          0.8824          0.4545          0.6000          0.4540          2         18         15       3925



Hyper-Parameters: 
 - powers........................: (1.72, 0.79, 0.67, 0.29, 1.78, 0.28, 1.83, 0.28, 0.26, 0.31, 1.56, 1.51, 1.93)
 - weights.......................: (1.75, 1.8, 1.25, 0.05, 1.0, 0.55, 1.2000000000000002, 1.85, 1.9500000000000002, 1.25, 0.0, 0.4, 0.6000000000000001)
Fold Wise AUPRC  [0.45, 0.72, 0.86, 1.00, 0.34]
AUC -   0.8633 		AUPRC -   0.6487 

      Threshold       Precision          Recall        F1-Score     Skill Score         FP         FN         TP         TN
         0.0000          0.8889          0.7273          0.8000          0.7265          3          9         24       3924
         0.0000          0.8889          0.7273          0.8000          0.7265          3          9         24       3924
         0.2500          0.8889          0.7273          0.8000          0.7265          3          9         24       3924
         0.5000          0.8889          0.7273          0.8000          0.7265          3          9         24       3924
         0.7500          0.8889          0.7273          0.8000          0.7265          3          9         24       3924



Hyper-Parameters: 
 - powers........................: (1.55, 1.19, 0.48, 0.32, 1.47, 0.9, 0.55, 0.42, 1.07, 0.54, 0.8, 0.72, 0.81)
 - weights.......................: (1.7000000000000002, 1.1, 1.4500000000000002, 0.45, 0.9, 0.9500000000000001, 1.2000000000000002, 0.4, 0.8, 1.25, 1.4000000000000001, 1.25, 1.4500000000000002)
Fold Wise AUPRC  [0.57, 0.86, 0.86, 1.00, 0.34]
AUC -   0.8936 		AUPRC -   0.7081 

      Threshold       Precision          Recall        F1-Score     Skill Score         FP         FN         TP         TN
         0.0000          0.8966          0.7879          0.8387          0.7871          3          7         26       3924
         0.0000          0.8966          0.7879          0.8387          0.7871          3          7         26       3924
         0.2500          0.8966          0.7879          0.8387          0.7871          3          7         26       3924
         0.5000          0.8966          0.7879          0.8387          0.7871          3          7         26       3924
         0.7500          0.8966          0.7879          0.8387          0.7871          3          7         26       3924



Hyper-Parameters: 
 - powers........................: (1.03, 0.92, 0.25, 1.95, 0.39, 0.85, 0.4, 1.6300000000000001, 0.52, 0.29, 0.51, 1.0, 0.8200000000000001)
 - weights.......................: (0.30000000000000004, 0.25, 0.1, 0.45, 1.6, 0.9, 1.5, 1.3, 0.15000000000000002, 0.55, 1.35, 1.6500000000000001, 0.05)
Fold Wise AUPRC  [0.29, 0.58, 0.29, 0.17, 0.34]
AUC -   0.6667 		AUPRC -   0.3389 

      Threshold       Precision          Recall        F1-Score     Skill Score         FP         FN         TP         TN
         0.0000          1.0000          0.3333          0.5000          0.3333          0         22         11       3927
         0.0000          1.0000          0.3333          0.5000          0.3333          0         22         11       3927
         0.2500          1.0000          0.3333          0.5000          0.3333          0         22         11       3927
         0.5000          1.0000          0.3333          0.5000          0.3333          0         22         11       3927
         0.7500          1.0000          0.3333          0.5000          0.3333          0         22         11       3927



Hyper-Parameters: 
 - powers........................: (0.3, 1.6400000000000001, 1.25, 0.71, 0.56, 0.36, 0.64, 0.89, 0.9, 0.28, 0.96, 0.93, 0.28)
 - weights.......................: (0.55, 0.8, 1.6, 1.3, 1.8, 0.25, 1.2000000000000002, 1.8, 1.7000000000000002, 1.2000000000000002, 0.15000000000000002, 1.8, 1.35)
Fold Wise AUPRC  [0.64, 1.00, 1.00, 1.00, 0.50]
AUC -   0.9540 		AUPRC -   0.8029 

      Threshold       Precision          Recall        F1-Score     Skill Score         FP         FN         TP         TN
         0.0000          0.8824          0.9091          0.8955          0.9081          4          3         30       3923
         0.0000          0.8824          0.9091          0.8955          0.9081          4          3         30       3923
         0.2500          0.8824          0.9091          0.8955          0.9081          4          3         30       3923
         0.5000          0.8824          0.9091          0.8955          0.9081          4          3         30       3923
         0.7500          0.8824          0.9091          0.8955          0.9081          4          3         30       3923



Hyper-Parameters: 
 - powers........................: (0.43, 1.56, 0.61, 0.47000000000000003, 0.42, 0.43, 1.23, 1.84, 0.66, 0.43, 1.43, 0.44, 1.03)
 - weights.......................: (1.75, 0.65, 1.5, 2.0, 1.9500000000000002, 1.6, 1.55, 0.45, 0.15000000000000002, 1.75, 1.85, 2.0, 0.2)
Fold Wise AUPRC  [0.54, 0.86, 0.86, 1.00, 0.50]
AUC -   0.9235 		AUPRC -   0.7000 

      Threshold       Precision          Recall        F1-Score     Skill Score         FP         FN         TP         TN
         0.0000          0.8235          0.8485          0.8358          0.8470          6          5         28       3921
         0.0000          0.8235          0.8485          0.8358          0.8470          6          5         28       3921
         0.2500          0.8235          0.8485          0.8358          0.8470          6          5         28       3921
         0.5000          0.8235          0.8485          0.8358          0.8470          6          5         28       3921
         0.7500          0.8235          0.8485          0.8358          0.8470          6          5         28       3921



Hyper-Parameters: 
 - powers........................: (0.41000000000000003, 0.93, 1.16, 0.84, 0.31, 1.51, 0.47000000000000003, 0.47000000000000003, 0.28, 1.1500000000000001, 0.26, 0.27, 0.45)
 - weights.......................: (1.0, 0.9500000000000001, 0.25, 0.75, 0.35000000000000003, 0.7000000000000001, 0.55, 0.25, 0.30000000000000004, 1.7000000000000002, 1.6, 1.1500000000000001, 0.6000000000000001)
Fold Wise AUPRC  [0.29, 0.58, 0.58, 0.34, 0.34]
AUC -   0.7121 		AUPRC -   0.4290 

      Threshold       Precision          Recall        F1-Score     Skill Score         FP         FN         TP         TN
         0.0000          1.0000          0.4242          0.5957          0.4242          0         19         14       3927
         0.0000          1.0000          0.4242          0.5957          0.4242          0         19         14       3927
         0.2500          1.0000          0.4242          0.5957          0.4242          0         19         14       3927
         0.5000          1.0000          0.4242          0.5957          0.4242          0         19         14       3927
         0.7500          1.0000          0.4242          0.5957          0.4242          0         19         14       3927



Hyper-Parameters: 
 - powers........................: (0.46, 0.63, 0.39, 0.8300000000000001, 0.28, 0.7000000000000001, 0.68, 0.42, 0.55, 0.77, 0.6900000000000001, 0.45, 0.64)
 - weights.......................: (0.1, 1.1, 1.3, 1.25, 0.5, 0.1, 0.75, 1.7000000000000002, 1.4000000000000001, 1.1, 0.05, 0.2, 0.75)
Fold Wise AUPRC  [0.64, 0.86, 0.86, 0.67, 0.50]
AUC -   0.8785 		AUPRC -   0.7035 

      Threshold       Precision          Recall        F1-Score     Skill Score         FP         FN         TP         TN
         0.0000          0.9259          0.7576          0.8333          0.7571          2          8         25       3925
         0.0000          0.9259          0.7576          0.8333          0.7571          2          8         25       3925
         0.2500          0.9259          0.7576          0.8333          0.7571          2          8         25       3925
         0.5000          0.9259          0.7576          0.8333          0.7571          2          8         25       3925
         0.7500          0.9259          0.7576          0.8333          0.7571          2          8         25       3925



Hyper-Parameters: 
 - powers........................: (1.0, 0.79, 0.48, 1.01, 1.5, 1.37, 0.26, 0.89, 0.28, 0.43, 0.42, 0.79, 0.35000000000000003)
 - weights.......................: (0.15000000000000002, 0.2, 1.7000000000000002, 1.2000000000000002, 0.65, 1.9000000000000001, 1.4500000000000002, 1.9000000000000001, 0.45, 0.7000000000000001, 1.75, 0.25, 0.65)
Fold Wise AUPRC  [0.58, 1.00, 0.86, 1.00, 0.50]
AUC -   0.9388 		AUPRC -   0.7506 

      Threshold       Precision          Recall        F1-Score     Skill Score         FP         FN         TP         TN
         0.0000          0.8529          0.8788          0.8657          0.8775          5          4         29       3922
         0.0000          0.8529          0.8788          0.8657          0.8775          5          4         29       3922
         0.2500          0.8529          0.8788          0.8657          0.8775          5          4         29       3922
         0.5000          0.8529          0.8788          0.8657          0.8775          5          4         29       3922
         0.7500          0.8529          0.8788          0.8657          0.8775          5          4         29       3922



Hyper-Parameters: 
 - powers........................: (0.32, 0.88, 0.72, 0.41000000000000003, 1.22, 1.41, 0.39, 0.47000000000000003, 0.76, 0.65, 0.35000000000000003, 0.9500000000000001, 0.68)
 - weights.......................: (0.4, 0.5, 0.5, 1.6, 1.85, 0.8, 1.6500000000000001, 1.9500000000000002, 1.1500000000000001, 1.9000000000000001, 1.1, 0.7000000000000001, 0.30000000000000004)
Fold Wise AUPRC  [0.70, 1.00, 1.00, 0.83, 0.50]
AUC -   0.9390 		AUPRC -   0.7974 

      Threshold       Precision          Recall        F1-Score     Skill Score         FP         FN         TP         TN
         0.0000          0.9062          0.8788          0.8923          0.8780          3          4         29       3924
         0.0000          0.9062          0.8788          0.8923          0.8780          3          4         29       3924
         0.2500          0.9062          0.8788          0.8923          0.8780          3          4         29       3924
         0.5000          0.9062          0.8788          0.8923          0.8780          3          4         29       3924
         0.7500          0.9062          0.8788          0.8923          0.8780          3          4         29       3924



Hyper-Parameters: 
 - powers........................: (0.41000000000000003, 1.21, 0.34, 0.46, 1.69, 1.23, 1.1, 0.34, 1.6600000000000001, 1.02, 1.3, 1.33, 0.71)
 - weights.......................: (0.75, 1.35, 0.55, 1.75, 1.75, 0.6000000000000001, 0.0, 0.9500000000000001, 1.4500000000000002, 1.4500000000000002, 1.7000000000000002, 0.15000000000000002, 1.75)
Fold Wise AUPRC  [0.86, 0.86, 0.86, 0.83, 0.50]
AUC -   0.8939 		AUPRC -   0.7896 

      Threshold       Precision          Recall        F1-Score     Skill Score         FP         FN         TP         TN
         0.0000          1.0000          0.7879          0.8814          0.7879          0          7         26       3927
         0.0000          1.0000          0.7879          0.8814          0.7879          0          7         26       3927
         0.2500          1.0000          0.7879          0.8814          0.7879          0          7         26       3927
         0.5000          1.0000          0.7879          0.8814          0.7879          0          7         26       3927
         0.7500          1.0000          0.7879          0.8814          0.7879          0          7         26       3927



Hyper-Parameters: 
 - powers........................: (0.35000000000000003, 0.29, 0.8, 0.54, 0.28, 0.99, 0.9500000000000001, 1.48, 0.73, 1.32, 0.52, 0.5, 0.36)
 - weights.......................: (1.4000000000000001, 1.4000000000000001, 1.4500000000000002, 1.4000000000000001, 0.30000000000000004, 0.30000000000000004, 1.3, 0.15000000000000002, 0.6000000000000001, 1.2000000000000002, 1.7000000000000002, 0.9, 0.35000000000000003)
Fold Wise AUPRC  [0.40, 0.86, 0.86, 0.83, 0.50]
AUC -   0.8783 		AUPRC -   0.6551 

      Threshold       Precision          Recall        F1-Score     Skill Score         FP         FN         TP         TN
         0.0000          0.8621          0.7576          0.8065          0.7566          4          8         25       3923
         0.0000          0.8621          0.7576          0.8065          0.7566          4          8         25       3923
         0.2500          0.8621          0.7576          0.8065          0.7566          4          8         25       3923
         0.5000          0.8621          0.7576          0.8065          0.7566          4          8         25       3923
         0.7500          0.8621          0.7576          0.8065          0.7566          4          8         25       3923



Best Parameters...
 - modelwt10.....................: 0.15
 - modelwt11.....................: 1.8
 - modelwt12.....................: 1.35
 - modelwt6......................: 1.2
 - modelwt7......................: 1.8
 - modelwt4......................: 1.8
 - modelwt5......................: 0.25
 - modelwt2......................: 1.6
 - modelwt3......................: 1.3
 - modelwt0......................: 0.55
 - modelwt1......................: 0.8
 - modelpow12....................: 0.28
 - modelpow10....................: 0.96
 - modelpow11....................: 0.93
 - modelwt8......................: 1.7
 - modelwt9......................: 1.2
 - z_score.......................: 0.89552238806
 - modelpow4.....................: 0.56
 - modelpow5.....................: 0.36
 - modelpow6.....................: 0.64
 - modelpow7.....................: 0.89
 - modelpow0.....................: 0.3
 - modelpow1.....................: 1.64
 - modelpow2.....................: 1.25
 - modelpow3.....................: 0.71
 - modelpow8.....................: 0.9
 - modelpow9.....................: 0.28
