

Hyper-Parameters: 
 - ensemble__weights.............: (1.2000000000000002, 1.9500000000000002, 0.55, 0.55, 0.6000000000000001, 0.35000000000000003, 0.9500000000000001, 1.85, 2.0, 1.5, 1.25, 1.7000000000000002, 0.30000000000000004)
 - ensemble__powers..............: (0.88, 0.26, 0.25, 0.8, 1.8, 0.96, 0.27, 1.45, 0.48, 1.22, 0.25, 0.4, 0.37)
[[ 0.177  0.823]
 [ 0.242  0.758]
 [ 0.363  0.637]
 ..., 
 [ 0.854  0.146]
 [ 0.992  0.008]
 [ 0.993  0.007]]
Fold Wise AUPRC  [1.00, 1.00, 1.00, 1.00, 0.91]
AUC -   0.9996 		AUPRC -   0.9668 

      Threshold       Precision          Recall        F1-Score     Skill Score         FP         FN         TP         TN
         0.4820          0.9091          0.9091          0.9091          0.9083          3          3         30       3924
         0.2510          0.6471          1.0000          0.7857          0.9954         18          0         33       3909
         0.2500          0.6346          1.0000          0.7765          0.9952         19          0         33       3908
         0.5000          0.9091          0.9091          0.9091          0.9083          3          3         30       3924
         0.7500          1.0000          0.4848          0.6531          0.4848          0         17         16       3927



Hyper-Parameters: 
 - ensemble__weights.............: (1.8, 1.4500000000000002, 0.8, 0.45, 1.1500000000000001, 0.6000000000000001, 0.8500000000000001, 0.45, 1.6, 1.55, 0.8500000000000001, 0.05, 1.35)
 - ensemble__powers..............: (0.62, 1.12, 1.16, 0.5700000000000001, 0.28, 0.96, 0.51, 0.85, 0.32, 0.66, 1.76, 0.38, 1.3800000000000001)
[[ 0.368  0.632]
 [ 0.428  0.572]
 [ 0.6    0.4  ]
 ..., 
 [ 0.959  0.041]
 [ 0.991  0.009]
 [ 0.994  0.006]]
Fold Wise AUPRC  [0.66, 1.00, 1.00, 1.00, 0.95]
AUC -   0.9995 		AUPRC -   0.9421 

      Threshold       Precision          Recall        F1-Score     Skill Score         FP         FN         TP         TN
         0.3170          0.8378          0.9394          0.8857          0.9379          6          2         31       3921
         0.2150          0.7674          1.0000          0.8684          0.9975         10          0         33       3917
         0.2500          0.7561          0.9394          0.8378          0.9368         10          2         31       3917
         0.5000          0.8966          0.7879          0.8387          0.7871          3          7         26       3924
         0.7500          1.0000          0.2727          0.4286          0.2727          0         24          9       3927



Hyper-Parameters: 
 - ensemble__weights.............: (1.55, 0.7000000000000001, 1.25, 1.55, 0.35000000000000003, 0.8500000000000001, 0.65, 0.30000000000000004, 0.2, 1.85, 1.3, 0.75, 1.75)
 - ensemble__powers..............: (1.06, 1.0, 1.34, 1.68, 1.32, 1.56, 1.25, 1.06, 0.44, 0.54, 0.28, 1.21, 0.45)
[[ 0.278  0.722]
 [ 0.426  0.574]
 [ 0.543  0.457]
 ..., 
 [ 0.964  0.036]
 [ 0.981  0.019]
 [ 0.988  0.012]]
Fold Wise AUPRC  [0.90, 1.00, 1.00, 1.00, 1.00]
AUC -   0.9997 		AUPRC -   0.9674 

      Threshold       Precision          Recall        F1-Score     Skill Score         FP         FN         TP         TN
         0.3420          0.8421          0.9697          0.9014          0.9682          6          1         32       3921
         0.3060          0.8049          1.0000          0.8919          0.9980          8          0         33       3919
         0.2500          0.7333          1.0000          0.8462          0.9969         12          0         33       3915
         0.5000          0.8966          0.7879          0.8387          0.7871          3          7         26       3924
         0.7500          1.0000          0.3333          0.5000          0.3333          0         22         11       3927



Hyper-Parameters: 
 - ensemble__weights.............: (0.8500000000000001, 0.8, 0.9, 1.05, 0.30000000000000004, 1.2000000000000002, 1.9500000000000002, 1.05, 0.65, 1.4000000000000001, 1.9500000000000002, 0.7000000000000001, 0.2)
 - ensemble__powers..............: (0.51, 1.27, 0.39, 0.46, 1.3, 1.6300000000000001, 0.34, 0.3, 0.44, 0.36, 0.37, 1.55, 0.79)
[[ 0.19   0.81 ]
 [ 0.286  0.714]
 [ 0.459  0.541]
 ..., 
 [ 0.902  0.098]
 [ 0.979  0.021]
 [ 0.982  0.018]]
Fold Wise AUPRC  [0.94, 1.00, 1.00, 1.00, 0.95]
AUC -   0.9997 		AUPRC -   0.9649 

      Threshold       Precision          Recall        F1-Score     Skill Score         FP         FN         TP         TN
         0.4570          0.8857          0.9394          0.9118          0.9384          4          2         31       3923
         0.3430          0.7500          1.0000          0.8571          0.9972         11          0         33       3916
         0.2500          0.5500          1.0000          0.7097          0.9931         27          0         33       3900
         0.5000          0.9000          0.8182          0.8571          0.8174          3          6         27       3924
         0.7500          1.0000          0.4242          0.5957          0.4242          0         19         14       3927



Hyper-Parameters: 
 - ensemble__weights.............: (1.8, 1.75, 1.8, 1.7000000000000002, 1.25, 0.9500000000000001, 1.7000000000000002, 0.1, 0.35000000000000003, 1.05, 1.5, 0.2, 1.1)
 - ensemble__powers..............: (1.31, 0.53, 0.46, 0.6, 0.39, 0.47000000000000003, 1.35, 0.29, 0.33, 0.72, 0.7000000000000001, 0.27, 1.74)
[[ 0.24   0.76 ]
 [ 0.407  0.593]
 [ 0.48   0.52 ]
 ..., 
 [ 0.977  0.023]
 [ 0.981  0.019]
 [ 0.984  0.016]]
Fold Wise AUPRC  [0.53, 1.00, 1.00, 1.00, 1.00]
AUC -   0.9993 		AUPRC -   0.9065 

      Threshold       Precision          Recall        F1-Score     Skill Score         FP         FN         TP         TN
         0.3310          0.7857          1.0000          0.8800          0.9977          9          0         33       3918
         0.3310          0.7857          1.0000          0.8800          0.9977          9          0         33       3918
         0.2500          0.7021          1.0000          0.8250          0.9964         14          0         33       3913
         0.5000          0.7941          0.8182          0.8060          0.8164          7          6         27       3920
         0.7500          0.8571          0.5455          0.6667          0.5447          3         15         18       3924



Hyper-Parameters: 
 - ensemble__weights.............: (1.6, 0.8, 0.55, 0.5, 0.5, 1.2000000000000002, 1.3, 0.1, 1.55, 0.2, 1.1500000000000001, 1.4000000000000001, 0.4)
 - ensemble__powers..............: (0.7000000000000001, 1.04, 1.35, 0.9500000000000001, 1.17, 0.54, 0.38, 0.49, 0.53, 0.55, 0.44, 0.26, 1.12)
[[ 0.44   0.56 ]
 [ 0.517  0.483]
 [ 0.525  0.475]
 ..., 
 [ 0.984  0.016]
 [ 0.987  0.013]
 [ 0.992  0.008]]
Fold Wise AUPRC  [0.72, 1.00, 1.00, 1.00, 0.95]
AUC -   0.9994 		AUPRC -   0.9337 

      Threshold       Precision          Recall        F1-Score     Skill Score         FP         FN         TP         TN
         0.2820          0.8378          0.9394          0.8857          0.9379          6          2         31       3921
         0.1630          0.6875          1.0000          0.8148          0.9962         15          0         33       3912
         0.2500          0.7949          0.9394          0.8611          0.9374          8          2         31       3919
         0.5000          0.9048          0.5758          0.7037          0.5752          2         14         19       3925
         0.7500          1.0000          0.0606          0.1143          0.0606          0         31          2       3927



Hyper-Parameters: 
 - ensemble__weights.............: (1.9500000000000002, 0.8, 0.4, 1.1500000000000001, 2.0, 0.7000000000000001, 1.1500000000000001, 1.7000000000000002, 1.1500000000000001, 0.35000000000000003, 1.7000000000000002, 1.7000000000000002, 0.7000000000000001)
 - ensemble__powers..............: (1.0, 0.31, 0.78, 0.73, 0.75, 0.38, 1.78, 0.26, 0.68, 1.94, 1.86, 0.27, 1.42)
[[ 0.255  0.745]
 [ 0.336  0.664]
 [ 0.378  0.622]
 ..., 
 [ 0.865  0.135]
 [ 0.994  0.006]
 [ 0.993  0.007]]
Fold Wise AUPRC  [0.84, 1.00, 1.00, 1.00, 0.90]
AUC -   0.9994 		AUPRC -   0.9412 

      Threshold       Precision          Recall        F1-Score     Skill Score         FP         FN         TP         TN
         0.5640          0.8788          0.8788          0.8788          0.8778          4          4         29       3923
         0.2100          0.5156          1.0000          0.6804          0.9921         31          0         33       3896
         0.2500          0.5926          0.9697          0.7356          0.9641         22          1         32       3905
         0.5000          0.8286          0.8788          0.8529          0.8773          6          4         29       3921
         0.7500          1.0000          0.5152          0.6800          0.5152          0         16         17       3927



Hyper-Parameters: 
 - ensemble__weights.............: (1.9000000000000001, 2.0, 0.1, 0.30000000000000004, 0.35000000000000003, 1.4500000000000002, 0.55, 1.7000000000000002, 0.05, 0.9500000000000001, 0.65, 0.55, 0.6000000000000001)
 - ensemble__powers..............: (0.67, 1.3, 0.35000000000000003, 1.58, 1.31, 1.22, 0.8300000000000001, 0.9, 1.26, 0.41000000000000003, 0.9, 0.86, 0.9500000000000001)
[[ 0.541  0.459]
 [ 0.534  0.466]
 [ 0.691  0.309]
 ..., 
 [ 0.864  0.136]
 [ 0.989  0.011]
 [ 0.992  0.008]]
Fold Wise AUPRC  [0.50, 1.00, 1.00, 1.00, 0.80]
AUC -   0.9989 		AUPRC -   0.8873 

      Threshold       Precision          Recall        F1-Score     Skill Score         FP         FN         TP         TN
         0.2380          0.8158          0.9394          0.8732          0.9376          7          2         31       3920
         0.1680          0.5077          1.0000          0.6735          0.9919         32          0         33       3895
         0.2500          0.8158          0.9394          0.8732          0.9376          7          2         31       3920
         0.5000          0.9444          0.5152          0.6667          0.5149          1         16         17       3926
         0.7500          1.0000          0.0909          0.1667          0.0909          0         30          3       3927



Hyper-Parameters: 
 - ensemble__weights.............: (1.9000000000000001, 0.55, 1.1500000000000001, 0.45, 1.2000000000000002, 1.6500000000000001, 0.8500000000000001, 0.45, 1.7000000000000002, 0.8, 0.4, 0.35000000000000003, 0.30000000000000004)
 - ensemble__powers..............: (0.36, 1.81, 0.29, 1.11, 0.48, 0.32, 0.42, 1.52, 0.33, 1.21, 1.34, 0.39, 0.74)
[[ 0.467  0.533]
 [ 0.57   0.43 ]
 [ 0.573  0.427]
 ..., 
 [ 0.957  0.043]
 [ 0.99   0.01 ]
 [ 0.993  0.007]]
Fold Wise AUPRC  [0.42, 1.00, 1.00, 1.00, 0.98]
AUC -   0.9991 		AUPRC -   0.8800 

      Threshold       Precision          Recall        F1-Score     Skill Score         FP         FN         TP         TN
         0.3430          0.8333          0.9091          0.8696          0.9076          6          3         30       3921
         0.1500          0.7021          1.0000          0.8250          0.9964         14          0         33       3913
         0.2500          0.7895          0.9091          0.8451          0.9071          8          3         30       3919
         0.5000          0.8333          0.6061          0.7018          0.6050          4         13         20       3923
         0.7500          1.0000          0.2121          0.3500          0.2121          0         26          7       3927



Hyper-Parameters: 
 - ensemble__weights.............: (0.8, 1.2000000000000002, 0.0, 0.65, 0.8, 1.1, 1.35, 1.4000000000000001, 1.9500000000000002, 0.5, 1.6, 0.7000000000000001, 0.1)
 - ensemble__powers..............: (0.56, 0.48, 1.07, 0.46, 0.89, 0.76, 0.68, 0.56, 0.26, 1.57, 1.42, 0.92, 1.48)
[[ 0.311  0.689]
 [ 0.326  0.674]
 [ 0.495  0.505]
 ..., 
 [ 0.888  0.112]
 [ 0.993  0.007]
 [ 0.994  0.006]]
Fold Wise AUPRC  [0.92, 1.00, 1.00, 1.00, 0.89]
AUC -   0.9995 		AUPRC -   0.9579 

      Threshold       Precision          Recall        F1-Score     Skill Score         FP         FN         TP         TN
         0.4420          0.9091          0.9091          0.9091          0.9083          3          3         30       3924
         0.2170          0.5410          1.0000          0.7021          0.9929         28          0         33       3899
         0.2500          0.6889          0.9394          0.7949          0.9358         14          2         31       3913
         0.5000          0.9062          0.8788          0.8923          0.8780          3          4         29       3924
         0.7500          1.0000          0.3636          0.5333          0.3636          0         21         12       3927



Hyper-Parameters: 
 - ensemble__weights.............: (1.2000000000000002, 0.9500000000000001, 1.6500000000000001, 1.7000000000000002, 1.8, 1.1500000000000001, 1.6500000000000001, 0.30000000000000004, 0.25, 1.4500000000000002, 0.5, 1.2000000000000002, 1.8)
 - ensemble__powers..............: (0.5700000000000001, 1.3800000000000001, 0.46, 1.07, 0.5, 1.53, 0.37, 1.54, 0.31, 0.36, 0.76, 0.97, 0.89)
[[ 0.235  0.765]
 [ 0.423  0.577]
 [ 0.394  0.606]
 ..., 
 [ 0.966  0.034]
 [ 0.985  0.015]
 [ 0.989  0.011]]
Fold Wise AUPRC  [0.57, 1.00, 1.00, 1.00, 0.98]
AUC -   0.9993 		AUPRC -   0.9113 

      Threshold       Precision          Recall        F1-Score     Skill Score         FP         FN         TP         TN
         0.3330          0.8000          0.9697          0.8767          0.9677          8          1         32       3919
         0.2360          0.7174          1.0000          0.8354          0.9967         13          0         33       3914
         0.2500          0.7174          1.0000          0.8354          0.9967         13          0         33       3914
         0.5000          0.8000          0.8485          0.8235          0.8467          7          5         28       3920
         0.7500          0.9000          0.5455          0.6792          0.5449          2         15         18       3925



Hyper-Parameters: 
 - ensemble__weights.............: (0.25, 0.8, 0.45, 1.05, 2.0, 2.0, 0.4, 0.6000000000000001, 1.9000000000000001, 0.05, 1.6500000000000001, 0.5, 1.9000000000000001)
 - ensemble__powers..............: (1.23, 0.37, 0.88, 0.47000000000000003, 1.25, 0.39, 1.3900000000000001, 1.29, 0.32, 0.34, 0.3, 0.8300000000000001, 0.51)
[[ 0.38   0.62 ]
 [ 0.434  0.566]
 [ 0.545  0.455]
 ..., 
 [ 0.944  0.056]
 [ 0.992  0.008]
 [ 0.994  0.006]]
Fold Wise AUPRC  [0.65, 1.00, 1.00, 1.00, 0.96]
AUC -   0.9994 		AUPRC -   0.9382 

      Threshold       Precision          Recall        F1-Score     Skill Score         FP         FN         TP         TN
         0.3250          0.8378          0.9394          0.8857          0.9379          6          2         31       3921
         0.1310          0.5593          1.0000          0.7174          0.9934         26          0         33       3901
         0.2500          0.7949          0.9394          0.8611          0.9374          8          2         31       3919
         0.5000          0.9032          0.8485          0.8750          0.8477          3          5         28       3924
         0.7500          1.0000          0.3636          0.5333          0.3636          0         21         12       3927



Hyper-Parameters: 
 - ensemble__weights.............: (1.7000000000000002, 1.4500000000000002, 1.3, 0.05, 1.4500000000000002, 1.6500000000000001, 0.55, 0.6000000000000001, 0.8, 1.05, 1.8, 0.35000000000000003, 1.3)
 - ensemble__powers..............: (0.92, 0.45, 1.44, 1.83, 0.65, 1.18, 1.6, 0.35000000000000003, 0.25, 0.32, 1.12, 0.65, 1.2)
[[ 0.387  0.613]
 [ 0.481  0.519]
 [ 0.651  0.349]
 ..., 
 [ 0.941  0.059]
 [ 0.986  0.014]
 [ 0.987  0.013]]
Fold Wise AUPRC  [0.57, 1.00, 1.00, 1.00, 0.93]
AUC -   0.9993 		AUPRC -   0.9225 

      Threshold       Precision          Recall        F1-Score     Skill Score         FP         FN         TP         TN
         0.3000          0.8378          0.9394          0.8857          0.9379          6          2         31       3921
         0.1320          0.5789          1.0000          0.7333          0.9939         24          0         33       3903
         0.2500          0.7949          0.9394          0.8611          0.9374          8          2         31       3919
         0.5000          0.8571          0.7273          0.7869          0.7263          4          9         24       3923
         0.7500          1.0000          0.3636          0.5333          0.3636          0         21         12       3927



Hyper-Parameters: 
 - ensemble__weights.............: (0.8500000000000001, 1.8, 1.8, 0.1, 1.4000000000000001, 1.1500000000000001, 0.25, 1.55, 1.55, 1.4500000000000002, 0.8, 1.0, 0.7000000000000001)
 - ensemble__powers..............: (0.26, 0.6900000000000001, 0.59, 0.3, 0.3, 1.45, 0.91, 1.8800000000000001, 0.58, 1.85, 0.93, 1.46, 1.9100000000000001)
[[ 0.268  0.732]
 [ 0.408  0.592]
 [ 0.456  0.544]
 ..., 
 [ 0.875  0.125]
 [ 0.993  0.007]
 [ 0.994  0.006]]
Fold Wise AUPRC  [0.71, 1.00, 1.00, 1.00, 0.91]
AUC -   0.9991 		AUPRC -   0.9181 

      Threshold       Precision          Recall        F1-Score     Skill Score         FP         FN         TP         TN
         0.4090          0.8333          0.9091          0.8696          0.9076          6          3         30       3921
         0.1480          0.4783          1.0000          0.6471          0.9908         36          0         33       3891
         0.2500          0.7381          0.9394          0.8267          0.9366         11          2         31       3916
         0.5000          0.8182          0.8182          0.8182          0.8167          6          6         27       3921
         0.7500          1.0000          0.4242          0.5957          0.4242          0         19         14       3927



Hyper-Parameters: 
 - ensemble__weights.............: (1.85, 1.3, 0.30000000000000004, 0.55, 0.9500000000000001, 0.8, 0.65, 1.6500000000000001, 1.35, 1.8, 0.4, 0.4, 0.75)
 - ensemble__powers..............: (0.63, 1.17, 0.44, 0.51, 0.45, 1.16, 0.35000000000000003, 0.37, 2.0, 0.43, 1.3800000000000001, 0.5, 1.0)
[[ 0.353  0.647]
 [ 0.381  0.619]
 [ 0.554  0.446]
 ..., 
 [ 0.869  0.131]
 [ 0.993  0.007]
 [ 0.994  0.006]]
Fold Wise AUPRC  [0.78, 1.00, 1.00, 1.00, 0.96]
AUC -   0.9995 		AUPRC -   0.9454 

      Threshold       Precision          Recall        F1-Score     Skill Score         FP         FN         TP         TN
         0.3540          0.8333          0.9091          0.8696          0.9076          6          3         30       3921
         0.2040          0.5893          1.0000          0.7416          0.9941         23          0         33       3904
         0.2500          0.7381          0.9394          0.8267          0.9366         11          2         31       3916
         0.5000          0.8667          0.7879          0.8254          0.7869          4          7         26       3923
         0.7500          1.0000          0.2727          0.4286          0.2727          0         24          9       3927



Hyper-Parameters: 
 - ensemble__weights.............: (0.75, 1.75, 1.3, 0.30000000000000004, 1.6, 0.5, 0.8500000000000001, 0.55, 0.0, 1.35, 1.7000000000000002, 1.5, 1.55)
 - ensemble__powers..............: (0.8300000000000001, 0.43, 1.6, 0.66, 1.09, 0.28, 0.73, 1.0, 0.58, 0.46, 0.27, 1.1, 0.79)
[[ 0.332  0.668]
 [ 0.448  0.552]
 [ 0.567  0.433]
 ..., 
 [ 0.955  0.045]
 [ 0.998  0.002]
 [ 0.999  0.001]]
Fold Wise AUPRC  [0.93, 1.00, 1.00, 1.00, 0.95]
AUC -   0.9996 		AUPRC -   0.9585 

      Threshold       Precision          Recall        F1-Score     Skill Score         FP         FN         TP         TN
         0.3160          0.8378          0.9394          0.8857          0.9379          6          2         31       3921
         0.1870          0.6600          1.0000          0.7952          0.9957         17          0         33       3910
         0.2500          0.7619          0.9697          0.8533          0.9672         10          1         32       3917
         0.5000          0.8667          0.7879          0.8254          0.7869          4          7         26       3923
         0.7500          1.0000          0.3333          0.5000          0.3333          0         22         11       3927



Hyper-Parameters: 
 - ensemble__weights.............: (1.7000000000000002, 0.6000000000000001, 0.4, 1.8, 1.1500000000000001, 0.15000000000000002, 0.1, 0.30000000000000004, 1.9000000000000001, 0.05, 0.6000000000000001, 0.9500000000000001, 1.0)
 - ensemble__powers..............: (0.7000000000000001, 1.0, 0.29, 0.27, 0.46, 0.31, 0.88, 1.94, 0.47000000000000003, 0.3, 0.4, 0.53, 0.48)
[[ 0.448  0.552]
 [ 0.546  0.454]
 [ 0.501  0.499]
 ..., 
 [ 0.965  0.035]
 [ 0.986  0.014]
 [ 0.993  0.007]]
Fold Wise AUPRC  [0.71, 1.00, 1.00, 1.00, 1.00]
AUC -   0.9995 		AUPRC -   0.9382 

      Threshold       Precision          Recall        F1-Score     Skill Score         FP         FN         TP         TN
         0.3190          0.8333          0.9091          0.8696          0.9076          6          3         30       3921
         0.1790          0.7500          1.0000          0.8571          0.9972         11          0         33       3916
         0.2500          0.7692          0.9091          0.8333          0.9068          9          3         30       3918
         0.5000          0.9524          0.6061          0.7407          0.6058          1         13         20       3926
         0.7500          1.0000          0.0606          0.1143          0.0606          0         31          2       3927



Hyper-Parameters: 
 - ensemble__weights.............: (1.1, 0.9500000000000001, 0.6000000000000001, 0.9, 0.45, 0.9500000000000001, 1.7000000000000002, 1.8, 1.35, 1.1500000000000001, 0.05, 1.5, 0.9500000000000001)
 - ensemble__powers..............: (0.9, 0.31, 0.81, 0.33, 0.59, 0.56, 0.3, 0.54, 1.1400000000000001, 0.62, 1.93, 0.42, 0.66)
[[ 0.234  0.766]
 [ 0.323  0.677]
 [ 0.309  0.691]
 ..., 
 [ 0.858  0.142]
 [ 0.99   0.01 ]
 [ 0.994  0.006]]
Fold Wise AUPRC  [0.96, 1.00, 1.00, 1.00, 0.89]
AUC -   0.9993 		AUPRC -   0.9474 

      Threshold       Precision          Recall        F1-Score     Skill Score         FP         FN         TP         TN
         0.4790          0.9091          0.9091          0.9091          0.9083          3          3         30       3924
         0.1590          0.4074          1.0000          0.5789          0.9878         48          0         33       3879
         0.2500          0.5614          0.9697          0.7111          0.9633         25          1         32       3902
         0.5000          0.9091          0.9091          0.9091          0.9083          3          3         30       3924
         0.7500          1.0000          0.3939          0.5652          0.3939          0         20         13       3927



Hyper-Parameters: 
 - ensemble__weights.............: (0.45, 0.30000000000000004, 1.9000000000000001, 0.45, 1.2000000000000002, 0.9, 0.45, 0.55, 0.75, 0.8, 0.30000000000000004, 0.4, 1.9500000000000002)
 - ensemble__powers..............: (1.58, 1.68, 0.53, 1.26, 0.65, 1.11, 0.31, 0.88, 1.45, 1.49, 0.35000000000000003, 1.1, 0.31)
[[ 0.45   0.55 ]
 [ 0.618  0.382]
 [ 0.553  0.447]
 ..., 
 [ 0.94   0.06 ]
 [ 0.985  0.015]
 [ 0.987  0.013]]
Fold Wise AUPRC  [0.65, 1.00, 1.00, 1.00, 1.00]
AUC -   0.9993 		AUPRC -   0.9241 

      Threshold       Precision          Recall        F1-Score     Skill Score         FP         FN         TP         TN
         0.3810          0.8333          0.9091          0.8696          0.9076          6          3         30       3921
         0.1480          0.7021          1.0000          0.8250          0.9964         14          0         33       3913
         0.2500          0.7561          0.9394          0.8378          0.9368         10          2         31       3917
         0.5000          1.0000          0.6061          0.7547          0.6061          0         13         20       3927
         0.7500          0.0000          0.0000          0.0000          0.0000          0         33          0       3927



Hyper-Parameters: 
 - ensemble__weights.............: (0.75, 0.5, 1.5, 0.9500000000000001, 0.45, 0.05, 0.8500000000000001, 0.0, 1.4000000000000001, 1.6, 1.1500000000000001, 0.1, 0.4)
 - ensemble__powers..............: (0.54, 0.31, 1.92, 0.44, 1.94, 0.9, 0.85, 0.3, 0.29, 1.41, 0.91, 0.35000000000000003, 1.81)
[[ 0.333  0.667]
 [ 0.471  0.529]
 [ 0.563  0.437]
 ..., 
 [ 0.984  0.016]
 [ 0.984  0.016]
 [ 0.986  0.014]]
Fold Wise AUPRC  [0.96, 1.00, 1.00, 1.00, 0.95]
AUC -   0.9997 		AUPRC -   0.9710 

      Threshold       Precision          Recall        F1-Score     Skill Score         FP         FN         TP         TN
         0.4340          0.9655          0.8485          0.9032          0.8482          1          5         28       3926
         0.2860          0.7857          1.0000          0.8800          0.9977          9          0         33       3918
         0.2500          0.7500          1.0000          0.8571          0.9972         11          0         33       3916
         0.5000          1.0000          0.6970          0.8214          0.6970          0         10         23       3927
         0.7500          0.0000          0.0000          0.0000          0.0000          0         33          0       3927



Best Parameters...
 - modelwt10.....................: 1.95
 - modelwt11.....................: 0.7
 - modelwt12.....................: 0.2
 - modelwt6......................: 1.95
 - modelwt7......................: 1.05
 - modelwt4......................: 0.3
 - modelwt5......................: 1.2
 - modelwt2......................: 0.9
 - modelwt3......................: 1.05
 - modelwt0......................: 0.85
 - modelwt1......................: 0.8
 - modelpow12....................: 0.79
 - modelpow10....................: 0.37
 - modelpow11....................: 1.55
 - modelwt8......................: 0.65
 - modelwt9......................: 1.4
 - z_score.......................: 0.911764705882
 - modelpow4.....................: 1.3
 - modelpow5.....................: 1.63
 - modelpow6.....................: 0.34
 - modelpow7.....................: 0.3
 - modelpow0.....................: 0.51
 - modelpow1.....................: 1.27
 - modelpow2.....................: 0.39
 - modelpow3.....................: 0.46
 - modelpow8.....................: 0.44
 - modelpow9.....................: 0.36
