

Hyper-Parameters: 
 - powers........................: (0.07, 0.02, 0.21, 0.9500000000000001, 0.19)
 - weights.......................: (1.4000000000000001, 0.0, 1.6500000000000001, 1.7000000000000002, 1.6500000000000001)
Fold Wise AUPRC  [0.47, 1.00, 1.00, 1.00, 0.86]
AUC -   0.9967 		AUPRC -   0.7983 

      Threshold       Precision          Recall        F1-Score     Skill Score         FP         FN         TP         TN
         0.3350          0.8378          0.9394          0.8857          0.9379          6          2         31       3921
         0.2810          0.2857          0.9697          0.4414          0.9493         80          1         32       3847
         0.2500          0.2013          0.9697          0.3333          0.9374        127          1         32       3800
         0.5000          0.8125          0.7879          0.8000          0.7864          6          7         26       3921
         0.7500          0.8333          0.3030          0.4444          0.3025          2         23         10       3925



Hyper-Parameters: 
 - powers........................: (0.32, 1.54, 0.05, 0.15, 0.02)
 - weights.......................: (1.6, 1.25, 0.25, 0.8, 1.9000000000000001)
Fold Wise AUPRC  [0.90, 1.00, 0.96, 0.98, 0.95]
AUC -   0.9995 		AUPRC -   0.9531 

      Threshold       Precision          Recall        F1-Score     Skill Score         FP         FN         TP         TN
         0.7100          1.0000          0.7576          0.8621          0.7576          0          8         25       3927
         0.4090          0.6471          1.0000          0.7857          0.9954         18          0         33       3909
         0.2500          0.1507          1.0000          0.2619          0.9526        186          0         33       3741
         0.5000          0.7895          0.9091          0.8451          0.9071          8          3         30       3919
         0.7500          1.0000          0.6970          0.8214          0.6970          0         10         23       3927



Hyper-Parameters: 
 - powers........................: (0.07, 0.06, 0.11, 0.21, 0.08)
 - weights.......................: (0.8, 1.25, 1.7000000000000002, 1.9000000000000001, 0.9)
Fold Wise AUPRC  [0.53, 0.98, 0.91, 0.98, 0.95]
AUC -   0.9991 		AUPRC -   0.8821 

      Threshold       Precision          Recall        F1-Score     Skill Score         FP         FN         TP         TN
         0.3540          0.7692          0.9091          0.8333          0.9068          9          3         30       3918
         0.2920          0.6735          1.0000          0.8049          0.9959         16          0         33       3911
         0.2500          0.5690          1.0000          0.7253          0.9936         25          0         33       3902
         0.5000          0.8846          0.6970          0.7797          0.6962          3         10         23       3924
         0.7500          1.0000          0.1515          0.2632          0.1515          0         28          5       3927



Hyper-Parameters: 
 - powers........................: (0.03, 0.37, 0.03, 0.47000000000000003, 0.03)
 - weights.......................: (1.5, 0.4, 1.6500000000000001, 1.35, 0.30000000000000004)
Fold Wise AUPRC  [0.59, 1.00, 0.96, 0.91, 0.73]
AUC -   0.9976 		AUPRC -   0.7930 

      Threshold       Precision          Recall        F1-Score     Skill Score         FP         FN         TP         TN
         0.3820          0.8966          0.7879          0.8387          0.7871          3          7         26       3924
         0.1480          0.3929          1.0000          0.5641          0.9870         51          0         33       3876
         0.2500          0.4179          0.8485          0.5600          0.8386         39          5         28       3888
         0.5000          0.8667          0.3939          0.5417          0.3934          2         20         13       3925
         0.7500          1.0000          0.0606          0.1143          0.0606          0         31          2       3927



Hyper-Parameters: 
 - powers........................: (1.6600000000000001, 1.33, 0.02, 0.08, 0.34)
 - weights.......................: (0.25, 1.1, 1.7000000000000002, 0.05, 1.0)
Fold Wise AUPRC  [0.40, 0.97, 0.93, 1.00, 1.00]
AUC -   0.9986 		AUPRC -   0.8182 

      Threshold       Precision          Recall        F1-Score     Skill Score         FP         FN         TP         TN
         0.3210          0.8000          0.8485          0.8235          0.8467          7          5         28       3920
         0.2460          0.5789          1.0000          0.7333          0.9939         24          0         33       3903
         0.2500          0.6038          0.9697          0.7442          0.9643         21          1         32       3906
         0.5000          0.7647          0.3939          0.5200          0.3929          4         20         13       3923
         0.7500          1.0000          0.0606          0.1143          0.0606          0         31          2       3927



Hyper-Parameters: 
 - powers........................: (0.16, 0.17, 0.02, 0.01, 0.68)
 - weights.......................: (0.15000000000000002, 0.7000000000000001, 0.15000000000000002, 0.2, 0.9500000000000001)
Fold Wise AUPRC  [0.82, 0.98, 0.91, 0.98, 1.00]
AUC -   0.9981 		AUPRC -   0.9112 

      Threshold       Precision          Recall        F1-Score     Skill Score         FP         FN         TP         TN
         0.3240          0.9615          0.7576          0.8475          0.7573          1          8         25       3926
         0.1910          0.2171          1.0000          0.3568          0.9697        119          0         33       3808
         0.2500          0.7045          0.9394          0.8052          0.9361         13          2         31       3914
         0.5000          0.0000          0.0000          0.0000          0.0000          0         33          0       3927
         0.7500          0.0000          0.0000          0.0000          0.0000          0         33          0       3927



Hyper-Parameters: 
 - powers........................: (0.01, 1.37, 0.08, 0.08, 0.01)
 - weights.......................: (1.2000000000000002, 1.4500000000000002, 1.3, 0.25, 0.2)
Fold Wise AUPRC  [0.86, 0.98, 0.78, 0.83, 0.86]
AUC -   0.9963 		AUPRC -   0.8598 

      Threshold       Precision          Recall        F1-Score     Skill Score         FP         FN         TP         TN
         0.4190          0.8125          0.7879          0.8000          0.7864          6          7         26       3921
         0.1870          0.1941          1.0000          0.3251          0.9651        137          0         33       3790
         0.2500          0.2743          0.9394          0.4247          0.9185         82          2         31       3845
         0.5000          0.8065          0.7576          0.7812          0.7560          6          8         25       3921
         0.7500          1.0000          0.1212          0.2162          0.1212          0         29          4       3927



Hyper-Parameters: 
 - powers........................: (0.22, 0.03, 0.17, 0.41000000000000003, 0.2)
 - weights.......................: (1.6, 1.25, 1.1, 1.2000000000000002, 1.1500000000000001)
Fold Wise AUPRC  [0.86, 1.00, 0.96, 0.95, 0.95]
AUC -   0.9994 		AUPRC -   0.9363 

      Threshold       Precision          Recall        F1-Score     Skill Score         FP         FN         TP         TN
         0.3690          0.7174          1.0000          0.8354          0.9967         13          0         33       3914
         0.3690          0.7174          1.0000          0.8354          0.9967         13          0         33       3914
         0.2500          0.3667          1.0000          0.5366          0.9855         57          0         33       3870
         0.5000          0.7778          0.8485          0.8116          0.8464          8          5         28       3919
         0.7500          1.0000          0.6970          0.8214          0.6970          0         10         23       3927



Hyper-Parameters: 
 - powers........................: (1.31, 0.08, 0.38, 0.08, 1.4000000000000001)
 - weights.......................: (0.8, 1.2000000000000002, 1.9500000000000002, 1.1500000000000001, 1.8)
Fold Wise AUPRC  [0.46, 1.00, 1.00, 1.00, 0.98]
AUC -   0.9989 		AUPRC -   0.8695 

      Threshold       Precision          Recall        F1-Score     Skill Score         FP         FN         TP         TN
         0.4400          0.8378          0.9394          0.8857          0.9379          6          2         31       3921
         0.3440          0.3976          1.0000          0.5690          0.9873         50          0         33       3877
         0.2500          0.2012          1.0000          0.3350          0.9666        131          0         33       3796
         0.5000          0.8529          0.8788          0.8657          0.8775          5          4         29       3922
         0.7500          0.8571          0.5455          0.6667          0.5447          3         15         18       3924



Hyper-Parameters: 
 - powers........................: (0.37, 0.26, 0.05, 0.02, 0.02)
 - weights.......................: (0.75, 1.05, 0.0, 0.30000000000000004, 1.0)
Fold Wise AUPRC  [0.93, 0.98, 0.90, 0.92, 0.98]
AUC -   0.9994 		AUPRC -   0.9463 

      Threshold       Precision          Recall        F1-Score     Skill Score         FP         FN         TP         TN
         0.3830          1.0000          0.7879          0.8814          0.7879          0          7         26       3927
         0.2470          0.5893          1.0000          0.7416          0.9941         23          0         33       3904
         0.2500          0.5818          0.9697          0.7273          0.9638         23          1         32       3904
         0.5000          1.0000          0.5758          0.7308          0.5758          0         14         19       3927
         0.7500          0.0000          0.0000          0.0000          0.0000          0         33          0       3927



Hyper-Parameters: 
 - powers........................: (0.07, 0.01, 1.76, 0.76, 1.87)
 - weights.......................: (0.75, 0.8, 1.5, 1.2000000000000002, 1.4500000000000002)
Fold Wise AUPRC  [0.46, 1.00, 1.00, 1.00, 0.98]
AUC -   0.9987 		AUPRC -   0.8667 

      Threshold       Precision          Recall        F1-Score     Skill Score         FP         FN         TP         TN
         0.3620          0.8378          0.9394          0.8857          0.9379          6          2         31       3921
         0.2640          0.3173          1.0000          0.4818          0.9819         71          0         33       3856
         0.2500          0.2661          1.0000          0.4204          0.9768         91          0         33       3836
         0.5000          0.8276          0.7273          0.7742          0.7260          5          9         24       3922
         0.7500          1.0000          0.1818          0.3077          0.1818          0         27          6       3927



Hyper-Parameters: 
 - powers........................: (0.5700000000000001, 0.01, 0.98, 0.24, 1.01)
 - weights.......................: (0.9500000000000001, 0.05, 1.9500000000000002, 0.9, 1.55)
Fold Wise AUPRC  [0.39, 1.00, 1.00, 1.00, 0.86]
AUC -   0.9957 		AUPRC -   0.7453 

      Threshold       Precision          Recall        F1-Score     Skill Score         FP         FN         TP         TN
         0.3450          0.8333          0.9091          0.8696          0.9076          6          3         30       3921
         0.1270          0.1126          1.0000          0.2025          0.9338        260          0         33       3667
         0.2500          0.2348          0.9394          0.3758          0.9137        101          2         31       3826
         0.5000          0.8276          0.7273          0.7742          0.7260          5          9         24       3922
         0.7500          0.7143          0.1515          0.2500          0.1510          2         28          5       3925



Hyper-Parameters: 
 - powers........................: (0.1, 0.02, 0.78, 0.03, 0.12)
 - weights.......................: (0.5, 1.9500000000000002, 1.4500000000000002, 1.2000000000000002, 1.35)
Fold Wise AUPRC  [0.74, 0.97, 0.92, 1.00, 0.98]
AUC -   0.9991 		AUPRC -   0.9112 

      Threshold       Precision          Recall        F1-Score     Skill Score         FP         FN         TP         TN
         0.4930          0.8182          0.8182          0.8182          0.8167          6          6         27       3921
         0.3760          0.5893          1.0000          0.7416          0.9941         23          0         33       3904
         0.2500          0.2012          1.0000          0.3350          0.9666        131          0         33       3796
         0.5000          0.8333          0.7576          0.7937          0.7563          5          8         25       3922
         0.7500          1.0000          0.3636          0.5333          0.3636          0         21         12       3927



Hyper-Parameters: 
 - powers........................: (0.09, 0.01, 1.51, 0.54, 1.62)
 - weights.......................: (0.75, 0.8, 1.5, 1.1, 1.4000000000000001)
Fold Wise AUPRC  [0.46, 1.00, 1.00, 1.00, 0.98]
AUC -   0.9988 		AUPRC -   0.8689 

      Threshold       Precision          Recall        F1-Score     Skill Score         FP         FN         TP         TN
         0.3550          0.8378          0.9394          0.8857          0.9379          6          2         31       3921
         0.2660          0.3511          1.0000          0.5197          0.9845         61          0         33       3866
         0.2500          0.2895          1.0000          0.4490          0.9794         81          0         33       3846
         0.5000          0.8276          0.7273          0.7742          0.7260          5          9         24       3922
         0.7500          1.0000          0.1818          0.3077          0.1818          0         27          6       3927



Hyper-Parameters: 
 - powers........................: (0.1, 0.01, 1.85, 0.66, 0.92)
 - weights.......................: (0.7000000000000001, 0.8, 1.4500000000000002, 0.75, 1.4000000000000001)
Fold Wise AUPRC  [0.46, 1.00, 1.00, 1.00, 0.98]
AUC -   0.9987 		AUPRC -   0.8702 

      Threshold       Precision          Recall        F1-Score     Skill Score         FP         FN         TP         TN
         0.3610          0.8378          0.9394          0.8857          0.9379          6          2         31       3921
         0.2660          0.3438          1.0000          0.5116          0.9840         63          0         33       3864
         0.2500          0.2727          1.0000          0.4286          0.9776         88          0         33       3839
         0.5000          0.8276          0.7273          0.7742          0.7260          5          9         24       3922
         0.7500          1.0000          0.1818          0.3077          0.1818          0         27          6       3927



Hyper-Parameters: 
 - powers........................: (0.05, 0.01, 1.83, 0.78, 0.93)
 - weights.......................: (0.5, 0.45, 0.9500000000000001, 0.75, 1.4000000000000001)
Fold Wise AUPRC  [0.44, 1.00, 1.00, 1.00, 0.92]
AUC -   0.9969 		AUPRC -   0.8478 

      Threshold       Precision          Recall        F1-Score     Skill Score         FP         FN         TP         TN
         0.3960          0.8571          0.9091          0.8824          0.9078          5          3         30       3922
         0.1850          0.1650          1.0000          0.2833          0.9575        167          0         33       3760
         0.2500          0.2672          0.9394          0.4161          0.9177         85          2         31       3842
         0.5000          0.8421          0.4848          0.6154          0.4841          3         17         16       3924
         0.7500          0.0000          0.0000          0.0000          0.0000          0         33          0       3927



Hyper-Parameters: 
 - powers........................: (0.11, 0.51, 1.1500000000000001, 0.33, 1.95)
 - weights.......................: (0.6000000000000001, 0.9, 1.4500000000000002, 1.4000000000000001, 1.25)
Fold Wise AUPRC  [0.47, 1.00, 1.00, 1.00, 0.98]
AUC -   0.9991 		AUPRC -   0.8817 

      Threshold       Precision          Recall        F1-Score     Skill Score         FP         FN         TP         TN
         0.3660          0.8611          0.9394          0.8986          0.9381          5          2         31       3922
         0.2680          0.6226          1.0000          0.7674          0.9949         20          0         33       3907
         0.2500          0.4648          1.0000          0.6346          0.9903         38          0         33       3889
         0.5000          0.8214          0.6970          0.7541          0.6957          5         10         23       3922
         0.7500          1.0000          0.1212          0.2162          0.1212          0         29          4       3927



Hyper-Parameters: 
 - powers........................: (0.12, 0.71, 1.12, 0.32, 0.81)
 - weights.......................: (1.0, 0.45, 1.25, 1.35, 2.0)
Fold Wise AUPRC  [0.50, 1.00, 1.00, 1.00, 0.90]
AUC -   0.9972 		AUPRC -   0.8544 

      Threshold       Precision          Recall        F1-Score     Skill Score         FP         FN         TP         TN
         0.4340          0.8333          0.9091          0.8696          0.9076          6          3         30       3921
         0.2110          0.1642          1.0000          0.2821          0.9572        168          0         33       3759
         0.2500          0.1850          0.9697          0.3107          0.9338        141          1         32       3786
         0.5000          0.8333          0.9091          0.8696          0.9076          6          3         30       3921
         0.7500          0.8667          0.3939          0.5417          0.3934          2         20         13       3925



Hyper-Parameters: 
 - powers........................: (0.33, 0.58, 0.65, 0.3, 1.25)
 - weights.......................: (0.6000000000000001, 0.9, 1.05, 0.7000000000000001, 1.25)
Fold Wise AUPRC  [0.54, 1.00, 1.00, 1.00, 0.98]
AUC -   0.9992 		AUPRC -   0.9129 

      Threshold       Precision          Recall        F1-Score     Skill Score         FP         FN         TP         TN
         0.3910          0.8611          0.9394          0.8986          0.9381          5          2         31       3922
         0.2800          0.6111          1.0000          0.7586          0.9947         21          0         33       3906
         0.2500          0.3882          1.0000          0.5593          0.9868         52          0         33       3875
         0.5000          0.8846          0.6970          0.7797          0.6962          3         10         23       3924
         0.7500          1.0000          0.0606          0.1143          0.0606          0         31          2       3927



Hyper-Parameters: 
 - powers........................: (0.53, 0.66, 0.59, 0.3, 0.61)
 - weights.......................: (0.55, 0.9500000000000001, 0.65, 1.4000000000000001, 1.25)
Fold Wise AUPRC  [0.82, 1.00, 1.00, 1.00, 0.98]
AUC -   0.9995 		AUPRC -   0.9518 

      Threshold       Precision          Recall        F1-Score     Skill Score         FP         FN         TP         TN
         0.3760          0.8857          0.9394          0.9118          0.9384          4          2         31       3923
         0.2840          0.6226          1.0000          0.7674          0.9949         20          0         33       3907
         0.2500          0.4177          1.0000          0.5893          0.9883         46          0         33       3881
         0.5000          0.9200          0.6970          0.7931          0.6965          2         10         23       3925
         0.7500          0.0000          0.0000          0.0000          0.0000          0         33          0       3927



Hyper-Parameters: 
 - powers........................: (0.68, 0.9, 0.53, 0.12, 0.55)
 - weights.......................: (0.25, 0.6000000000000001, 0.55, 1.4000000000000001, 0.8)
Fold Wise AUPRC  [0.52, 0.98, 1.00, 1.00, 1.00]
AUC -   0.9990 		AUPRC -   0.9099 

      Threshold       Precision          Recall        F1-Score     Skill Score         FP         FN         TP         TN
         0.2700          0.8529          0.8788          0.8657          0.8775          5          4         29       3922
         0.1750          0.3882          1.0000          0.5593          0.9868         52          0         33       3875
         0.2500          0.8108          0.9091          0.8571          0.9073          7          3         30       3920
         0.5000          0.0000          0.0000          0.0000          0.0000          0         33          0       3927
         0.7500          0.0000          0.0000          0.0000          0.0000          0         33          0       3927



Hyper-Parameters: 
 - powers........................: (0.44, 0.88, 0.6, 1.09, 0.36)
 - weights.......................: (0.9, 1.55, 0.75, 2.0, 0.7000000000000001)
Fold Wise AUPRC  [0.90, 0.97, 0.82, 0.91, 0.95]
AUC -   0.9987 		AUPRC -   0.9075 

      Threshold       Precision          Recall        F1-Score     Skill Score         FP         FN         TP         TN
         0.4980          1.0000          0.6970          0.8214          0.6970          0         10         23       3927
         0.2520          0.3708          1.0000          0.5410          0.9857         56          0         33       3871
         0.2500          0.3587          1.0000          0.5280          0.9850         59          0         33       3868
         0.5000          1.0000          0.6970          0.8214          0.6970          0         10         23       3927
         0.7500          1.0000          0.1212          0.2162          0.1212          0         29          4       3927



Hyper-Parameters: 
 - powers........................: (0.9500000000000001, 0.44, 0.27, 0.22, 0.12)
 - weights.......................: (0.6000000000000001, 0.25, 0.9500000000000001, 0.6000000000000001, 1.25)
Fold Wise AUPRC  [0.40, 1.00, 1.00, 1.00, 0.90]
AUC -   0.9966 		AUPRC -   0.8345 

      Threshold       Precision          Recall        F1-Score     Skill Score         FP         FN         TP         TN
         0.3350          0.8333          0.9091          0.8696          0.9076          6          3         30       3921
         0.1590          0.1486          1.0000          0.2588          0.9519        189          0         33       3738
         0.2500          0.3780          0.9394          0.5391          0.9264         51          2         31       3876
         0.5000          0.8667          0.3939          0.5417          0.3934          2         20         13       3925
         0.7500          0.0000          0.0000          0.0000          0.0000          0         33          0       3927



Hyper-Parameters: 
 - powers........................: (0.25, 0.67, 0.72, 1.67, 0.3)
 - weights.......................: (1.1, 1.05, 0.6000000000000001, 1.0, 1.6)
Fold Wise AUPRC  [0.82, 1.00, 1.00, 1.00, 0.98]
AUC -   0.9996 		AUPRC -   0.9533 

      Threshold       Precision          Recall        F1-Score     Skill Score         FP         FN         TP         TN
         0.4720          0.8824          0.9091          0.8955          0.9081          4          3         30       3923
         0.3540          0.6735          1.0000          0.8049          0.9959         16          0         33       3911
         0.2500          0.2215          1.0000          0.3626          0.9705        116          0         33       3811
         0.5000          0.8750          0.8485          0.8615          0.8475          4          5         28       3923
         0.7500          1.0000          0.5152          0.6800          0.5152          0         16         17       3927



Hyper-Parameters: 
 - powers........................: (0.9400000000000001, 0.12, 0.2, 0.35000000000000003, 1.24)
 - weights.......................: (0.25, 0.55, 1.05, 1.5, 0.05)
Fold Wise AUPRC  [0.36, 0.89, 0.90, 0.98, 0.98]
AUC -   0.9968 		AUPRC -   0.7982 

      Threshold       Precision          Recall        F1-Score     Skill Score         FP         FN         TP         TN
         0.1520          0.7632          0.8788          0.8169          0.8765          9          4         29       3918
         0.0740          0.1626          1.0000          0.2797          0.9567        170          0         33       3757
         0.2500          0.8125          0.3939          0.5306          0.3932          3         20         13       3924
         0.5000          0.0000          0.0000          0.0000          0.0000          0         33          0       3927
         0.7500          0.0000          0.0000          0.0000          0.0000          0         33          0       3927



Hyper-Parameters: 
 - powers........................: (0.54, 0.34, 0.42, 0.11, 0.64)
 - weights.......................: (1.85, 0.2, 0.8500000000000001, 1.75, 1.75)
Fold Wise AUPRC  [0.66, 1.00, 1.00, 1.00, 0.83]
AUC -   0.9979 		AUPRC -   0.9050 

      Threshold       Precision          Recall        F1-Score     Skill Score         FP         FN         TP         TN
         0.4150          0.8158          0.9394          0.8732          0.9376          7          2         31       3920
         0.3950          0.7805          0.9697          0.8649          0.9674          9          1         32       3918
         0.2500          0.1711          0.9697          0.2909          0.9302        155          1         32       3772
         0.5000          0.8485          0.8485          0.8485          0.8472          5          5         28       3922
         0.7500          0.9091          0.6061          0.7273          0.6056          2         13         20       3925



Hyper-Parameters: 
 - powers........................: (0.17, 0.5, 1.11, 0.17, 0.08)
 - weights.......................: (0.0, 1.75, 0.65, 1.55, 0.8500000000000001)
Fold Wise AUPRC  [0.72, 0.87, 0.74, 0.94, 0.98]
AUC -   0.9963 		AUPRC -   0.8247 

      Threshold       Precision          Recall        F1-Score     Skill Score         FP         FN         TP         TN
         0.3710          0.8065          0.7576          0.7812          0.7560          6          8         25       3921
         0.1920          0.2444          1.0000          0.3929          0.9740        102          0         33       3825
         0.2500          0.3030          0.9091          0.4545          0.8915         69          3         30       3858
         0.5000          1.0000          0.4848          0.6531          0.4848          0         17         16       3927
         0.7500          0.0000          0.0000          0.0000          0.0000          0         33          0       3927



Hyper-Parameters: 
 - powers........................: (0.24, 1.95, 1.33, 1.42, 0.27)
 - weights.......................: (0.35000000000000003, 0.9500000000000001, 0.4, 1.9000000000000001, 0.7000000000000001)
Fold Wise AUPRC  [0.85, 0.97, 0.87, 0.96, 1.00]
AUC -   0.9993 		AUPRC -   0.9372 

      Threshold       Precision          Recall        F1-Score     Skill Score         FP         FN         TP         TN
         0.3100          0.9630          0.7879          0.8667          0.7876          1          7         26       3926
         0.2350          0.6735          1.0000          0.8049          0.9959         16          0         33       3911
         0.2500          0.6905          0.8788          0.7733          0.8755         13          4         29       3914
         0.5000          0.0000          0.0000          0.0000          0.0000          0         33          0       3927
         0.7500          0.0000          0.0000          0.0000          0.0000          0         33          0       3927



Hyper-Parameters: 
 - powers........................: (1.3800000000000001, 1.85, 0.13, 0.25, 1.17)
 - weights.......................: (0.6000000000000001, 0.30000000000000004, 1.2000000000000002, 0.45, 1.25)
Fold Wise AUPRC  [0.41, 1.00, 1.00, 1.00, 0.90]
AUC -   0.9966 		AUPRC -   0.8042 

      Threshold       Precision          Recall        F1-Score     Skill Score         FP         FN         TP         TN
         0.3370          0.8333          0.9091          0.8696          0.9076          6          3         30       3921
         0.1670          0.1521          1.0000          0.2640          0.9531        184          0         33       3743
         0.2500          0.3523          0.9394          0.5124          0.9249         57          2         31       3870
         0.5000          0.7647          0.3939          0.5200          0.3929          4         20         13       3923
         0.7500          0.0000          0.0000          0.0000          0.0000          0         33          0       3927



Hyper-Parameters: 
 - powers........................: (1.8900000000000001, 1.1, 0.31, 0.05, 0.43)
 - weights.......................: (0.45, 1.5, 0.8500000000000001, 0.9, 0.6000000000000001)
Fold Wise AUPRC  [0.78, 0.91, 0.82, 0.93, 0.98]
AUC -   0.9980 		AUPRC -   0.8886 

      Threshold       Precision          Recall        F1-Score     Skill Score         FP         FN         TP         TN
         0.4000          0.8966          0.7879          0.8387          0.7871          3          7         26       3924
         0.2330          0.3143          1.0000          0.4783          0.9817         72          0         33       3855
         0.2500          0.3516          0.9697          0.5161          0.9547         59          1         32       3868
         0.5000          1.0000          0.4848          0.6531          0.4848          0         17         16       3927
         0.7500          0.0000          0.0000          0.0000          0.0000          0         33          0       3927



Hyper-Parameters: 
 - powers........................: (0.01, 0.33, 0.79, 0.56, 0.65)
 - weights.......................: (1.1500000000000001, 1.4000000000000001, 0.30000000000000004, 1.6500000000000001, 1.1)
Fold Wise AUPRC  [0.93, 0.98, 0.88, 0.94, 0.95]
AUC -   0.9994 		AUPRC -   0.9430 

      Threshold       Precision          Recall        F1-Score     Skill Score         FP         FN         TP         TN
         0.5290          1.0000          0.7576          0.8621          0.7576          0          8         25       3927
         0.2910          0.6226          1.0000          0.7674          0.9949         20          0         33       3907
         0.2500          0.3626          1.0000          0.5323          0.9852         58          0         33       3869
         0.5000          0.8929          0.7576          0.8197          0.7568          3          8         25       3924
         0.7500          1.0000          0.3030          0.4651          0.3030          0         23         10       3927



Hyper-Parameters: 
 - powers........................: (0.3, 0.13, 0.23, 0.13, 0.14)
 - weights.......................: (1.35, 1.1500000000000001, 0.45, 0.35000000000000003, 1.5)
Fold Wise AUPRC  [0.87, 1.00, 0.96, 0.98, 0.95]
AUC -   0.9995 		AUPRC -   0.9494 

      Threshold       Precision          Recall        F1-Score     Skill Score         FP         FN         TP         TN
         0.4390          0.7949          0.9394          0.8611          0.9374          8          2         31       3919
         0.3880          0.7174          1.0000          0.8354          0.9967         13          0         33       3914
         0.2500          0.1833          1.0000          0.3099          0.9626        147          0         33       3780
         0.5000          0.7941          0.8182          0.8060          0.8164          7          6         27       3920
         0.7500          1.0000          0.6667          0.8000          0.6667          0         11         22       3927



Hyper-Parameters: 
 - powers........................: (0.04, 0.23, 0.45, 0.18, 1.84)
 - weights.......................: (0.15000000000000002, 1.6500000000000001, 1.8, 1.4500000000000002, 1.7000000000000002)
Fold Wise AUPRC  [0.43, 0.98, 0.95, 1.00, 0.98]
AUC -   0.9982 		AUPRC -   0.8542 

      Threshold       Precision          Recall        F1-Score     Skill Score         FP         FN         TP         TN
         0.4690          0.8182          0.8182          0.8182          0.8167          6          6         27       3921
         0.2900          0.2292          1.0000          0.3729          0.9717        111          0         33       3816
         0.2500          0.1650          1.0000          0.2833          0.9575        167          0         33       3760
         0.5000          0.8387          0.7879          0.8125          0.7866          5          7         26       3922
         0.7500          0.8889          0.2424          0.3810          0.2422          1         25          8       3926



Hyper-Parameters: 
 - powers........................: (0.13, 0.43, 1.3800000000000001, 0.41000000000000003, 0.48)
 - weights.......................: (0.35000000000000003, 0.7000000000000001, 1.1500000000000001, 1.3, 1.1)
Fold Wise AUPRC  [0.41, 1.00, 1.00, 1.00, 0.98]
AUC -   0.9981 		AUPRC -   0.8486 

      Threshold       Precision          Recall        F1-Score     Skill Score         FP         FN         TP         TN
         0.3090          0.8571          0.9091          0.8824          0.9078          5          3         30       3922
         0.2000          0.2481          1.0000          0.3976          0.9745        100          0         33       3827
         0.2500          0.6458          0.9394          0.7654          0.9351         17          2         31       3910
         0.5000          0.8000          0.3636          0.5000          0.3629          3         21         12       3924
         0.7500          0.0000          0.0000          0.0000          0.0000          0         33          0       3927



Hyper-Parameters: 
 - powers........................: (0.78, 0.67, 0.66, 0.27, 0.05)
 - weights.......................: (0.9, 0.9, 0.7000000000000001, 0.6000000000000001, 0.55)
Fold Wise AUPRC  [0.86, 0.98, 0.96, 0.93, 0.95]
AUC -   0.9994 		AUPRC -   0.9379 

      Threshold       Precision          Recall        F1-Score     Skill Score         FP         FN         TP         TN
         0.2850          0.7805          0.9697          0.8649          0.9674          9          1         32       3918
         0.2470          0.6875          1.0000          0.8148          0.9962         15          0         33       3912
         0.2500          0.6875          1.0000          0.8148          0.9962         15          0         33       3912
         0.5000          1.0000          0.5152          0.6800          0.5152          0         16         17       3927
         0.7500          0.0000          0.0000          0.0000          0.0000          0         33          0       3927



Hyper-Parameters: 
 - powers........................: (0.44, 0.99, 0.16, 0.96, 0.26)
 - weights.......................: (0.65, 1.0, 0.5, 0.8500000000000001, 1.9500000000000002)
Fold Wise AUPRC  [0.80, 1.00, 1.00, 1.00, 0.98]
AUC -   0.9984 		AUPRC -   0.9288 

      Threshold       Precision          Recall        F1-Score     Skill Score         FP         FN         TP         TN
         0.5140          0.8824          0.9091          0.8955          0.9081          4          3         30       3923
         0.3160          0.2683          1.0000          0.4231          0.9771         90          0         33       3837
         0.2500          0.1854          1.0000          0.3128          0.9631        145          0         33       3782
         0.5000          0.8571          0.9091          0.8824          0.9078          5          3         30       3922
         0.7500          1.0000          0.3939          0.5652          0.3939          0         20         13       3927



Hyper-Parameters: 
 - powers........................: (0.18, 0.1, 0.86, 1.84, 1.98)
 - weights.......................: (0.5, 0.05, 1.35, 1.6, 1.3)
Fold Wise AUPRC  [0.39, 1.00, 1.00, 1.00, 0.86]
AUC -   0.9943 		AUPRC -   0.7252 

      Threshold       Precision          Recall        F1-Score     Skill Score         FP         FN         TP         TN
         0.3010          0.8108          0.9091          0.8571          0.9073          7          3         30       3920
         0.0950          0.1028          1.0000          0.1864          0.9267        288          0         33       3639
         0.2500          0.3704          0.9091          0.5263          0.8961         51          3         30       3876
         0.5000          0.7143          0.3030          0.4255          0.3020          4         23         10       3923
         0.7500          0.0000          0.0000          0.0000          0.0000          0         33          0       3927



Hyper-Parameters: 
 - powers........................: (1.17, 0.29, 0.06, 0.04, 0.08)
 - weights.......................: (1.25, 1.35, 1.8, 1.85, 1.05)
Fold Wise AUPRC  [0.55, 0.98, 0.93, 0.98, 0.95]
AUC -   0.9991 		AUPRC -   0.8871 

      Threshold       Precision          Recall        F1-Score     Skill Score         FP         FN         TP         TN
         0.3840          0.7561          0.9394          0.8378          0.9368         10          2         31       3917
         0.3260          0.6735          1.0000          0.8049          0.9959         16          0         33       3911
         0.2500          0.4400          1.0000          0.6111          0.9893         42          0         33       3885
         0.5000          0.7500          0.7273          0.7385          0.7252          8          9         24       3919
         0.7500          0.9231          0.3636          0.5217          0.3634          1         21         12       3926



Hyper-Parameters: 
 - powers........................: (0.32, 0.21, 0.1, 0.02, 1.53)
 - weights.......................: (1.9000000000000001, 1.75, 0.05, 0.55, 0.9)
Fold Wise AUPRC  [0.98, 0.96, 0.76, 0.85, 0.85]
AUC -   0.9973 		AUPRC -   0.8811 

      Threshold       Precision          Recall        F1-Score     Skill Score         FP         FN         TP         TN
         0.4980          0.8056          0.8788          0.8406          0.8770          7          4         29       3920
         0.2330          0.2185          1.0000          0.3587          0.9700        118          0         33       3809
         0.2500          0.2336          0.9697          0.3765          0.9430        105          1         32       3822
         0.5000          0.8056          0.8788          0.8406          0.8770          7          4         29       3920
         0.7500          0.9091          0.6061          0.7273          0.6056          2         13         20       3925



Hyper-Parameters: 
 - powers........................: (1.93, 1.74, 0.01, 0.1, 0.71)
 - weights.......................: (1.5, 0.55, 1.0, 1.05, 1.2000000000000002)
Fold Wise AUPRC  [0.67, 1.00, 0.98, 0.98, 0.85]
AUC -   0.9991 		AUPRC -   0.9074 

      Threshold       Precision          Recall        F1-Score     Skill Score         FP         FN         TP         TN
         0.3960          0.7895          0.9091          0.8451          0.9071          8          3         30       3919
         0.2570          0.4125          1.0000          0.5841          0.9880         47          0         33       3880
         0.2500          0.3474          1.0000          0.5156          0.9842         62          0         33       3865
         0.5000          0.8667          0.7879          0.8254          0.7869          4          7         26       3923
         0.7500          1.0000          0.3636          0.5333          0.3636          0         21         12       3927



Hyper-Parameters: 
 - powers........................: (0.42, 0.05, 0.3, 0.06, 0.16)
 - weights.......................: (0.05, 1.1500000000000001, 0.8500000000000001, 0.65, 0.35000000000000003)
Fold Wise AUPRC  [0.54, 0.89, 0.80, 0.93, 0.98]
AUC -   0.9958 		AUPRC -   0.8214 

      Threshold       Precision          Recall        F1-Score     Skill Score         FP         FN         TP         TN
         0.2800          0.8387          0.7879          0.8125          0.7866          5          7         26       3922
         0.1100          0.1793          1.0000          0.3041          0.9615        151          0         33       3776
         0.2500          0.6190          0.7879          0.6933          0.7838         16          7         26       3911
         0.5000          1.0000          0.0606          0.1143          0.0606          0         31          2       3927
         0.7500          0.0000          0.0000          0.0000          0.0000          0         33          0       3927



Hyper-Parameters: 
 - powers........................: (0.76, 1.2, 0.54, 0.19, 0.22)
 - weights.......................: (0.8500000000000001, 0.7000000000000001, 0.30000000000000004, 0.05, 1.85)
Fold Wise AUPRC  [0.85, 1.00, 1.00, 1.00, 0.96]
AUC -   0.9983 		AUPRC -   0.9325 

      Threshold       Precision          Recall        F1-Score     Skill Score         FP         FN         TP         TN
         0.4350          0.8857          0.9394          0.9118          0.9384          4          2         31       3923
         0.2800          0.2215          1.0000          0.3626          0.9705        116          0         33       3811
         0.2500          0.1854          1.0000          0.3128          0.9631        145          0         33       3782
         0.5000          0.8750          0.8485          0.8615          0.8475          4          5         28       3923
         0.7500          0.0000          0.0000          0.0000          0.0000          0         33          0       3927



Hyper-Parameters: 
 - powers........................: (1.07, 1.52, 0.49, 0.2, 0.06)
 - weights.......................: (0.9, 0.4, 0.2, 2.0, 1.8)
Fold Wise AUPRC  [0.83, 1.00, 1.00, 1.00, 0.90]
AUC -   0.9976 		AUPRC -   0.9205 

      Threshold       Precision          Recall        F1-Score     Skill Score         FP         FN         TP         TN
         0.4130          0.8824          0.9091          0.8955          0.9081          4          3         30       3923
         0.2130          0.1650          1.0000          0.2833          0.9575        167          0         33       3760
         0.2500          0.1905          0.9697          0.3184          0.9351        136          1         32       3791
         0.5000          0.8966          0.7879          0.8387          0.7871          3          7         26       3924
         0.7500          0.0000          0.0000          0.0000          0.0000          0         33          0       3927



Hyper-Parameters: 
 - powers........................: (0.7000000000000001, 1.3, 0.38, 0.15, 0.03)
 - weights.......................: (1.05, 0.7000000000000001, 0.15000000000000002, 0.0, 1.85)
Fold Wise AUPRC  [0.87, 1.00, 1.00, 0.98, 0.96]
AUC -   0.9985 		AUPRC -   0.9347 

      Threshold       Precision          Recall        F1-Score     Skill Score         FP         FN         TP         TN
         0.4270          0.8824          0.9091          0.8955          0.9081          4          3         30       3923
         0.2760          0.2215          1.0000          0.3626          0.9705        116          0         33       3811
         0.2500          0.1854          1.0000          0.3128          0.9631        145          0         33       3782
         0.5000          0.8710          0.8182          0.8438          0.8172          4          6         27       3923
         0.7500          0.0000          0.0000          0.0000          0.0000          0         33          0       3927



Hyper-Parameters: 
 - powers........................: (0.53, 1.1400000000000001, 0.24, 0.03, 0.22)
 - weights.......................: (1.7000000000000002, 0.15000000000000002, 0.35000000000000003, 0.1, 1.9500000000000002)
Fold Wise AUPRC  [0.88, 1.00, 1.00, 1.00, 0.86]
AUC -   0.9979 		AUPRC -   0.9332 

      Threshold       Precision          Recall        F1-Score     Skill Score         FP         FN         TP         TN
         0.4450          0.8611          0.9394          0.8986          0.9381          5          2         31       3922
         0.4000          0.4848          0.9697          0.6465          0.9610         34          1         32       3893
         0.2500          0.1517          0.9697          0.2623          0.9241        179          1         32       3748
         0.5000          0.9032          0.8485          0.8750          0.8477          3          5         28       3924
         0.7500          1.0000          0.6970          0.8214          0.6970          0         10         23       3927



Hyper-Parameters: 
 - powers........................: (1.6500000000000001, 0.04, 0.13, 0.01, 0.1)
 - weights.......................: (1.4500000000000002, 0.75, 0.05, 1.75, 1.6)
Fold Wise AUPRC  [0.90, 1.00, 0.97, 0.96, 0.90]
AUC -   0.9990 		AUPRC -   0.9439 

      Threshold       Precision          Recall        F1-Score     Skill Score         FP         FN         TP         TN
         0.4500          0.8788          0.8788          0.8788          0.8778          4          4         29       3923
         0.2890          0.2683          1.0000          0.4231          0.9771         90          0         33       3837
         0.2500          0.1886          1.0000          0.3173          0.9638        142          0         33       3785
         0.5000          0.8966          0.7879          0.8387          0.7871          3          7         26       3924
         0.7500          1.0000          0.4848          0.6531          0.4848          0         17         16       3927



Hyper-Parameters: 
 - powers........................: (0.27, 0.17, 0.09, 0.42, 0.02)
 - weights.......................: (0.8, 0.5, 0.55, 1.25, 1.6500000000000001)
Fold Wise AUPRC  [0.71, 1.00, 1.00, 1.00, 0.94]
AUC -   0.9978 		AUPRC -   0.9114 

      Threshold       Precision          Recall        F1-Score     Skill Score         FP         FN         TP         TN
         0.3790          0.8378          0.9394          0.8857          0.9379          6          2         31       3921
         0.2270          0.1864          1.0000          0.3143          0.9633        144          0         33       3783
         0.2500          0.2162          0.9697          0.3536          0.9402        116          1         32       3811
         0.5000          0.8929          0.7576          0.8197          0.7568          3          8         25       3924
         0.7500          0.0000          0.0000          0.0000          0.0000          0         33          0       3927



Hyper-Parameters: 
 - powers........................: (0.2, 0.88, 0.18, 0.08, 0.37)
 - weights.......................: (1.0, 0.35000000000000003, 0.30000000000000004, 0.9500000000000001, 1.5)
Fold Wise AUPRC  [0.80, 1.00, 1.00, 1.00, 0.90]
AUC -   0.9981 		AUPRC -   0.9245 

      Threshold       Precision          Recall        F1-Score     Skill Score         FP         FN         TP         TN
         0.3690          0.8611          0.9394          0.8986          0.9381          5          2         31       3922
         0.2140          0.1692          1.0000          0.2895          0.9587        162          0         33       3765
         0.2500          0.2353          0.9697          0.3787          0.9432        104          1         32       3823
         0.5000          0.8929          0.7576          0.8197          0.7568          3          8         25       3924
         0.7500          0.0000          0.0000          0.0000          0.0000          0         33          0       3927



Hyper-Parameters: 
 - powers........................: (1.54, 0.4, 0.04, 0.1, 0.17)
 - weights.......................: (1.3, 1.9500000000000002, 0.4, 0.4, 0.2)
Fold Wise AUPRC  [0.92, 0.88, 0.71, 0.84, 0.79]
AUC -   0.9951 		AUPRC -   0.8138 

      Threshold       Precision          Recall        F1-Score     Skill Score         FP         FN         TP         TN
         0.4330          0.8438          0.8182          0.8308          0.8169          5          6         27       3922
         0.1450          0.1658          1.0000          0.2845          0.9577        166          0         33       3761
         0.2500          0.2143          0.9091          0.3468          0.8811        110          3         30       3817
         0.5000          0.8519          0.6970          0.7667          0.6960          4         10         23       3923
         0.7500          1.0000          0.2727          0.4286          0.2727          0         24          9       3927



Hyper-Parameters: 
 - powers........................: (0.62, 0.77, 0.9500000000000001, 0.71, 0.32)
 - weights.......................: (0.8500000000000001, 0.65, 0.65, 0.2, 1.9000000000000001)
Fold Wise AUPRC  [0.77, 1.00, 1.00, 1.00, 0.96]
AUC -   0.9980 		AUPRC -   0.9197 

      Threshold       Precision          Recall        F1-Score     Skill Score         FP         FN         TP         TN
         0.4950          0.8571          0.9091          0.8824          0.9078          5          3         30       3922
         0.2720          0.2037          1.0000          0.3385          0.9672        129          0         33       3798
         0.2500          0.1823          1.0000          0.3084          0.9623        148          0         33       3779
         0.5000          0.8571          0.9091          0.8824          0.9078          5          3         30       3922
         0.7500          1.0000          0.3939          0.5652          0.3939          0         20         13       3927



Hyper-Parameters: 
 - powers........................: (0.84, 0.02, 1.6500000000000001, 0.48, 0.04)
 - weights.......................: (1.1500000000000001, 1.3, 0.75, 1.1, 1.75)
Fold Wise AUPRC  [0.82, 1.00, 1.00, 1.00, 0.98]
AUC -   0.9996 		AUPRC -   0.9520 

      Threshold       Precision          Recall        F1-Score     Skill Score         FP         FN         TP         TN
         0.5030          0.8571          0.9091          0.8824          0.9078          5          3         30       3922
         0.3990          0.7174          1.0000          0.8354          0.9967         13          0         33       3914
         0.2500          0.1976          1.0000          0.3300          0.9659        134          0         33       3793
         0.5000          0.8333          0.9091          0.8696          0.9076          6          3         30       3921
         0.7500          1.0000          0.6970          0.8214          0.6970          0         10         23       3927



Hyper-Parameters: 
 - powers........................: (0.15, 0.54, 0.01, 0.58, 0.1)
 - weights.......................: (0.30000000000000004, 0.8500000000000001, 0.25, 0.15000000000000002, 1.35)
Fold Wise AUPRC  [0.79, 0.98, 1.00, 0.98, 0.98]
AUC -   0.9982 		AUPRC -   0.9243 

      Threshold       Precision          Recall        F1-Score     Skill Score         FP         FN         TP         TN
         0.3480          0.8158          0.9394          0.8732          0.9376          7          2         31       3920
         0.2450          0.2308          1.0000          0.3750          0.9720        110          0         33       3817
         0.2500          0.2336          0.9697          0.3765          0.9430        105          1         32       3822
         0.5000          1.0000          0.5455          0.7059          0.5455          0         15         18       3927
         0.7500          0.0000          0.0000          0.0000          0.0000          0         33          0       3927



Hyper-Parameters: 
 - powers........................: (1.04, 0.1, 0.56, 1.24, 0.01)
 - weights.......................: (0.15000000000000002, 1.0, 0.1, 1.3, 0.5)
Fold Wise AUPRC  [0.81, 0.87, 0.73, 0.87, 1.00]
AUC -   0.9957 		AUPRC -   0.8377 

      Threshold       Precision          Recall        F1-Score     Skill Score         FP         FN         TP         TN
         0.2480          0.8125          0.7879          0.8000          0.7864          6          7         26       3921
         0.1460          0.2200          1.0000          0.3607          0.9702        117          0         33       3810
         0.2500          0.8125          0.7879          0.8000          0.7864          6          7         26       3921
         0.5000          0.0000          0.0000          0.0000          0.0000          0         33          0       3927
         0.7500          0.0000          0.0000          0.0000          0.0000          0         33          0       3927



Hyper-Parameters: 
 - powers........................: (0.08, 0.2, 0.35000000000000003, 0.06, 0.55)
 - weights.......................: (0.7000000000000001, 1.1, 0.5, 1.6500000000000001, 2.0)
Fold Wise AUPRC  [0.80, 1.00, 1.00, 1.00, 0.98]
AUC -   0.9986 		AUPRC -   0.9323 

      Threshold       Precision          Recall        F1-Score     Skill Score         FP         FN         TP         TN
         0.5160          0.9062          0.8788          0.8923          0.8780          3          4         29       3924
         0.3390          0.2895          1.0000          0.4490          0.9794         81          0         33       3846
         0.2500          0.1823          1.0000          0.3084          0.9623        148          0         33       3779
         0.5000          0.8571          0.9091          0.8824          0.9078          5          3         30       3922
         0.7500          1.0000          0.4848          0.6531          0.4848          0         17         16       3927



Hyper-Parameters: 
 - powers........................: (0.02, 1.59, 0.25, 0.86, 0.24)
 - weights.......................: (1.6, 1.85, 0.9, 0.8, 0.9500000000000001)
Fold Wise AUPRC  [0.91, 0.98, 0.85, 0.92, 0.95]
AUC -   0.9990 		AUPRC -   0.9186 

      Threshold       Precision          Recall        F1-Score     Skill Score         FP         FN         TP         TN
         0.4600          0.7838          0.8788          0.8286          0.8768          8          4         29       3919
         0.3310          0.4783          1.0000          0.6471          0.9908         36          0         33       3891
         0.2500          0.2409          1.0000          0.3882          0.9735        104          0         33       3823
         0.5000          0.7838          0.8788          0.8286          0.8768          8          4         29       3919
         0.7500          1.0000          0.6667          0.8000          0.6667          0         11         22       3927



Hyper-Parameters: 
 - powers........................: (0.05, 0.28, 1.99, 0.36, 0.8300000000000001)
 - weights.......................: (0.55, 0.9, 1.55, 1.4500000000000002, 1.5)
Fold Wise AUPRC  [0.43, 1.00, 1.00, 1.00, 0.98]
AUC -   0.9981 		AUPRC -   0.8404 

      Threshold       Precision          Recall        F1-Score     Skill Score         FP         FN         TP         TN
         0.3740          0.8378          0.9394          0.8857          0.9379          6          2         31       3921
         0.2670          0.2973          1.0000          0.4583          0.9801         78          0         33       3849
         0.2500          0.2558          1.0000          0.4074          0.9756         96          0         33       3831
         0.5000          0.8333          0.7576          0.7937          0.7563          5          8         25       3922
         0.7500          1.0000          0.1818          0.3077          0.1818          0         27          6       3927



Hyper-Parameters: 
 - powers........................: (0.03, 0.51, 1.21, 0.29, 0.44)
 - weights.......................: (0.7000000000000001, 0.6000000000000001, 1.4000000000000001, 1.55, 1.1500000000000001)
Fold Wise AUPRC  [0.43, 1.00, 1.00, 1.00, 0.98]
AUC -   0.9988 		AUPRC -   0.8560 

      Threshold       Precision          Recall        F1-Score     Skill Score         FP         FN         TP         TN
         0.2970          0.8378          0.9394          0.8857          0.9379          6          2         31       3921
         0.2250          0.3929          1.0000          0.5641          0.9870         51          0         33       3876
         0.2500          0.6275          0.9697          0.7619          0.9649         19          1         32       3908
         0.5000          0.8095          0.5152          0.6296          0.5141          4         16         17       3923
         0.7500          1.0000          0.0606          0.1143          0.0606          0         31          2       3927



Hyper-Parameters: 
 - powers........................: (0.04, 0.59, 0.9500000000000001, 0.21, 1.06)
 - weights.......................: (0.55, 1.05, 1.6500000000000001, 1.4000000000000001, 1.05)
Fold Wise AUPRC  [0.45, 0.98, 0.97, 1.00, 0.98]
AUC -   0.9991 		AUPRC -   0.8691 

      Threshold       Precision          Recall        F1-Score     Skill Score         FP         FN         TP         TN
         0.3220          0.7949          0.9394          0.8611          0.9374          8          2         31       3919
         0.2890          0.6875          1.0000          0.8148          0.9962         15          0         33       3912
         0.2500          0.6000          1.0000          0.7500          0.9944         22          0         33       3905
         0.5000          0.8214          0.6970          0.7541          0.6957          5         10         23       3922
         0.7500          1.0000          0.0909          0.1667          0.0909          0         30          3       3927



Hyper-Parameters: 
 - powers........................: (0.34, 1.18, 0.63, 0.15, 1.34)
 - weights.......................: (0.4, 1.2000000000000002, 1.1, 0.7000000000000001, 0.8)
Fold Wise AUPRC  [0.53, 0.97, 0.93, 1.00, 0.98]
AUC -   0.9991 		AUPRC -   0.9045 

      Threshold       Precision          Recall        F1-Score     Skill Score         FP         FN         TP         TN
         0.3480          0.8438          0.8182          0.8308          0.8169          5          6         27       3922
         0.2610          0.6346          1.0000          0.7765          0.9952         19          0         33       3908
         0.2500          0.5789          1.0000          0.7333          0.9939         24          0         33       3903
         0.5000          0.9444          0.5152          0.6667          0.5149          1         16         17       3926
         0.7500          0.0000          0.0000          0.0000          0.0000          0         33          0       3927



Hyper-Parameters: 
 - powers........................: (0.13, 0.77, 1.52, 0.34, 0.52)
 - weights.......................: (0.45, 0.8, 1.3, 1.1500000000000001, 1.35)
Fold Wise AUPRC  [0.42, 1.00, 1.00, 1.00, 0.98]
AUC -   0.9979 		AUPRC -   0.8486 

      Threshold       Precision          Recall        F1-Score     Skill Score         FP         FN         TP         TN
         0.3490          0.8378          0.9394          0.8857          0.9379          6          2         31       3921
         0.2340          0.2619          1.0000          0.4151          0.9763         93          0         33       3834
         0.2500          0.3100          0.9394          0.4662          0.9218         69          2         31       3858
         0.5000          0.8148          0.6667          0.7333          0.6654          5         11         22       3922
         0.7500          1.0000          0.0606          0.1143          0.0606          0         31          2       3927



Hyper-Parameters: 
 - powers........................: (0.21, 0.15, 0.34, 0.61, 0.8200000000000001)
 - weights.......................: (0.9500000000000001, 0.75, 0.75, 0.25, 1.6)
Fold Wise AUPRC  [0.78, 1.00, 1.00, 1.00, 0.98]
AUC -   0.9990 		AUPRC -   0.9330 

      Threshold       Precision          Recall        F1-Score     Skill Score         FP         FN         TP         TN
         0.3990          0.8378          0.9394          0.8857          0.9379          6          2         31       3921
         0.2960          0.2895          1.0000          0.4490          0.9794         81          0         33       3846
         0.2500          0.2089          1.0000          0.3455          0.9682        125          0         33       3802
         0.5000          0.8710          0.8182          0.8438          0.8172          4          6         27       3923
         0.7500          1.0000          0.2424          0.3902          0.2424          0         25          8       3927



Hyper-Parameters: 
 - powers........................: (0.36, 0.34, 0.43, 0.29, 0.21)
 - weights.......................: (0.65, 0.9500000000000001, 1.05, 0.9500000000000001, 0.7000000000000001)
Fold Wise AUPRC  [0.54, 0.98, 0.97, 0.98, 0.95]
AUC -   0.9993 		AUPRC -   0.9118 

      Threshold       Precision          Recall        F1-Score     Skill Score         FP         FN         TP         TN
         0.2730          0.7333          1.0000          0.8462          0.9969         12          0         33       3915
         0.2730          0.7333          1.0000          0.8462          0.9969         12          0         33       3915
         0.2500          0.6600          1.0000          0.7952          0.9957         17          0         33       3910
         0.5000          1.0000          0.4545          0.6250          0.4545          0         18         15       3927
         0.7500          0.0000          0.0000          0.0000          0.0000          0         33          0       3927



Hyper-Parameters: 
 - powers........................: (0.47000000000000003, 0.91, 0.17, 0.09, 0.41000000000000003)
 - weights.......................: (1.05, 0.35000000000000003, 0.25, 1.9500000000000002, 1.5)
Fold Wise AUPRC  [0.83, 1.00, 1.00, 1.00, 0.88]
AUC -   0.9981 		AUPRC -   0.9303 

      Threshold       Precision          Recall        F1-Score     Skill Score         FP         FN         TP         TN
         0.3640          0.8857          0.9394          0.9118          0.9384          4          2         31       3923
         0.2140          0.1667          1.0000          0.2857          0.9580        165          0         33       3762
         0.2500          0.2353          0.9697          0.3787          0.9432        104          1         32       3823
         0.5000          0.8929          0.7576          0.8197          0.7568          3          8         25       3924
         0.7500          0.0000          0.0000          0.0000          0.0000          0         33          0       3927



Hyper-Parameters: 
 - powers........................: (0.48, 1.01, 0.14, 0.04, 0.39)
 - weights.......................: (1.7000000000000002, 0.05, 0.25, 1.9500000000000002, 1.4500000000000002)
Fold Wise AUPRC  [0.89, 1.00, 1.00, 0.98, 0.74]
AUC -   0.9976 		AUPRC -   0.9189 

      Threshold       Precision          Recall        F1-Score     Skill Score         FP         FN         TP         TN
         0.3690          0.9062          0.8788          0.8923          0.8780          3          4         29       3924
         0.3220          0.5079          0.9697          0.6667          0.9618         31          1         32       3896
         0.2500          0.1988          0.9697          0.3299          0.9368        129          1         32       3798
         0.5000          0.8929          0.7576          0.8197          0.7568          3          8         25       3924
         0.7500          0.0000          0.0000          0.0000          0.0000          0         33          0       3927



Hyper-Parameters: 
 - powers........................: (0.72, 1.6300000000000001, 0.2, 0.03, 0.29)
 - weights.......................: (1.1, 0.2, 0.0, 1.85, 1.75)
Fold Wise AUPRC  [0.87, 1.00, 1.00, 1.00, 0.86]
AUC -   0.9972 		AUPRC -   0.9271 

      Threshold       Precision          Recall        F1-Score     Skill Score         FP         FN         TP         TN
         0.3670          0.8611          0.9394          0.8986          0.9381          5          2         31       3922
         0.2580          0.2270          0.9697          0.3678          0.9419        109          1         32       3818
         0.2500          0.2105          0.9697          0.3459          0.9391        120          1         32       3807
         0.5000          0.8929          0.7576          0.8197          0.7568          3          8         25       3924
         0.7500          0.0000          0.0000          0.0000          0.0000          0         33          0       3927



Hyper-Parameters: 
 - powers........................: (0.61, 1.99, 0.07, 0.12, 0.14)
 - weights.......................: (0.8500000000000001, 0.35000000000000003, 0.35000000000000003, 1.75, 1.55)
Fold Wise AUPRC  [0.79, 1.00, 1.00, 1.00, 0.90]
AUC -   0.9977 		AUPRC -   0.9206 

      Threshold       Precision          Recall        F1-Score     Skill Score         FP         FN         TP         TN
         0.3680          0.8611          0.9394          0.8986          0.9381          5          2         31       3922
         0.2030          0.1684          1.0000          0.2882          0.9585        163          0         33       3764
         0.2500          0.2370          0.9697          0.3810          0.9435        103          1         32       3824
         0.5000          0.9259          0.7576          0.8333          0.7571          2          8         25       3925
         0.7500          0.0000          0.0000          0.0000          0.0000          0         33          0       3927



Hyper-Parameters: 
 - powers........................: (0.4, 1.42, 0.03, 0.02, 0.11)
 - weights.......................: (1.25, 0.5, 0.6000000000000001, 1.7000000000000002, 1.85)
Fold Wise AUPRC  [0.78, 1.00, 1.00, 1.00, 0.88]
AUC -   0.9982 		AUPRC -   0.9235 

      Threshold       Precision          Recall        F1-Score     Skill Score         FP         FN         TP         TN
         0.4640          0.8611          0.9394          0.8986          0.9381          5          2         31       3922
         0.2460          0.1765          1.0000          0.3000          0.9608        154          0         33       3773
         0.2500          0.1768          0.9697          0.2991          0.9318        149          1         32       3778
         0.5000          0.8485          0.8485          0.8485          0.8472          5          5         28       3922
         0.7500          1.0000          0.4848          0.6531          0.4848          0         17         16       3927



Hyper-Parameters: 
 - powers........................: (1.26, 0.62, 0.11, 0.09, 0.18)
 - weights.......................: (1.35, 0.65, 0.15000000000000002, 1.9500000000000002, 1.2000000000000002)
Fold Wise AUPRC  [0.94, 1.00, 0.96, 0.94, 0.88]
AUC -   0.9994 		AUPRC -   0.9445 

      Threshold       Precision          Recall        F1-Score     Skill Score         FP         FN         TP         TN
         0.5120          0.9630          0.7879          0.8667          0.7876          1          7         26       3926
         0.2820          0.6000          1.0000          0.7500          0.9944         22          0         33       3905
         0.2500          0.3267          1.0000          0.4925          0.9827         68          0         33       3859
         0.5000          0.9286          0.7879          0.8525          0.7874          2          7         26       3925
         0.7500          0.0000          0.0000          0.0000          0.0000          0         33          0       3927



Hyper-Parameters: 
 - powers........................: (0.5, 0.46, 0.02, 0.05, 0.34)
 - weights.......................: (1.05, 0.25, 0.45, 1.8, 1.7000000000000002)
Fold Wise AUPRC  [0.72, 1.00, 1.00, 1.00, 0.87]
AUC -   0.9974 		AUPRC -   0.9088 

      Threshold       Precision          Recall        F1-Score     Skill Score         FP         FN         TP         TN
         0.3890          0.8378          0.9394          0.8857          0.9379          6          2         31       3921
         0.1900          0.1387          1.0000          0.2435          0.9478        205          0         33       3722
         0.2500          0.2105          0.9697          0.3459          0.9391        120          1         32       3807
         0.5000          0.8966          0.7879          0.8387          0.7871          3          7         26       3924
         0.7500          0.0000          0.0000          0.0000          0.0000          0         33          0       3927



Hyper-Parameters: 
 - powers........................: (0.28, 0.77, 0.28, 0.24, 0.66)
 - weights.......................: (0.9500000000000001, 0.35000000000000003, 0.35000000000000003, 1.25, 1.3)
Fold Wise AUPRC  [0.78, 1.00, 1.00, 1.00, 0.90]
AUC -   0.9985 		AUPRC -   0.9282 

      Threshold       Precision          Recall        F1-Score     Skill Score         FP         FN         TP         TN
         0.3360          0.8611          0.9394          0.8986          0.9381          5          2         31       3922
         0.2100          0.1988          1.0000          0.3317          0.9661        133          0         33       3794
         0.2500          0.3232          0.9697          0.4848          0.9526         67          1         32       3860
         0.5000          0.9200          0.6970          0.7931          0.6965          2         10         23       3925
         0.7500          0.0000          0.0000          0.0000          0.0000          0         33          0       3927



Hyper-Parameters: 
 - powers........................: (0.91, 1.24, 0.18, 0.18, 0.07)
 - weights.......................: (0.75, 0.15000000000000002, 0.65, 0.5, 1.4500000000000002)
Fold Wise AUPRC  [0.62, 1.00, 1.00, 1.00, 0.87]
AUC -   0.9966 		AUPRC -   0.8741 

      Threshold       Precision          Recall        F1-Score     Skill Score         FP         FN         TP         TN
         0.4680          0.9310          0.8182          0.8710          0.8177          2          6         27       3925
         0.1600          0.1320          1.0000          0.2332          0.9447        217          0         33       3710
         0.2500          0.2385          0.9394          0.3804          0.9142         99          2         31       3828
         0.5000          0.9000          0.5455          0.6792          0.5449          2         15         18       3925
         0.7500          0.0000          0.0000          0.0000          0.0000          0         33          0       3927



Hyper-Parameters: 
 - powers........................: (0.81, 0.9500000000000001, 0.51, 0.13, 0.59)
 - weights.......................: (1.2000000000000002, 0.5, 0.8, 1.5, 1.6500000000000001)
Fold Wise AUPRC  [0.64, 1.00, 1.00, 1.00, 0.90]
AUC -   0.9985 		AUPRC -   0.9136 

      Threshold       Precision          Recall        F1-Score     Skill Score         FP         FN         TP         TN
         0.3740          0.8378          0.9394          0.8857          0.9379          6          2         31       3921
         0.2410          0.2012          1.0000          0.3350          0.9666        131          0         33       3796
         0.2500          0.2133          0.9697          0.3497          0.9396        118          1         32       3809
         0.5000          0.8387          0.7879          0.8125          0.7866          5          7         26       3922
         0.7500          1.0000          0.3636          0.5333          0.3636          0         21         12       3927



Hyper-Parameters: 
 - powers........................: (1.17, 0.3, 0.79, 0.07, 0.46)
 - weights.......................: (0.2, 0.0, 0.2, 1.1, 1.7000000000000002)
Fold Wise AUPRC  [0.45, 1.00, 1.00, 0.88, 0.87]
AUC -   0.9930 		AUPRC -   0.8122 

      Threshold       Precision          Recall        F1-Score     Skill Score         FP         FN         TP         TN
         0.3780          0.8485          0.8485          0.8485          0.8472          5          5         28       3922
         0.0600          0.0962          1.0000          0.1755          0.9211        310          0         33       3617
         0.2500          0.1974          0.9091          0.3243          0.8780        122          3         30       3805
         0.5000          0.0000          0.0000          0.0000          0.0000          0         33          0       3927
         0.7500          0.0000          0.0000          0.0000          0.0000          0         33          0       3927



Hyper-Parameters: 
 - powers........................: (0.24, 1.94, 0.22, 0.07, 0.23)
 - weights.......................: (1.1, 0.6000000000000001, 0.5, 1.6500000000000001, 1.55)
Fold Wise AUPRC  [0.84, 1.00, 1.00, 1.00, 0.98]
AUC -   0.9990 		AUPRC -   0.9417 

      Threshold       Precision          Recall        F1-Score     Skill Score         FP         FN         TP         TN
         0.3960          0.8611          0.9394          0.8986          0.9381          5          2         31       3922
         0.2610          0.2598          1.0000          0.4125          0.9761         94          0         33       3833
         0.2500          0.2340          1.0000          0.3793          0.9725        108          0         33       3819
         0.5000          0.8621          0.7576          0.8065          0.7566          4          8         25       3923
         0.7500          1.0000          0.0909          0.1667          0.0909          0         30          3       3927



Hyper-Parameters: 
 - powers........................: (0.18, 0.37, 0.05, 0.17, 0.15)
 - weights.......................: (0.8500000000000001, 0.45, 0.1, 1.55, 1.8)
Fold Wise AUPRC  [0.83, 1.00, 1.00, 1.00, 0.91]
AUC -   0.9976 		AUPRC -   0.9236 

      Threshold       Precision          Recall        F1-Score     Skill Score         FP         FN         TP         TN
         0.4080          0.8824          0.9091          0.8955          0.9081          4          3         30       3923
         0.2120          0.1658          1.0000          0.2845          0.9577        166          0         33       3761
         0.2500          0.1905          0.9697          0.3184          0.9351        136          1         32       3791
         0.5000          0.8966          0.7879          0.8387          0.7871          3          7         26       3924
         0.7500          0.0000          0.0000          0.0000          0.0000          0         33          0       3927



Hyper-Parameters: 
 - powers........................: (1.5, 0.25, 0.04, 0.49, 1.12)
 - weights.......................: (1.2000000000000002, 0.8500000000000001, 0.30000000000000004, 1.9000000000000001, 0.1)
Fold Wise AUPRC  [0.95, 0.96, 0.75, 0.81, 0.81]
AUC -   0.9955 		AUPRC -   0.8517 

      Threshold       Precision          Recall        F1-Score     Skill Score         FP         FN         TP         TN
         0.3440          0.8621          0.7576          0.8065          0.7566          4          8         25       3923
         0.0900          0.1341          1.0000          0.2366          0.9458        213          0         33       3714
         0.2500          0.5600          0.8485          0.6747          0.8429         22          5         28       3905
         0.5000          1.0000          0.0606          0.1143          0.0606          0         31          2       3927
         0.7500          0.0000          0.0000          0.0000          0.0000          0         33          0       3927



Hyper-Parameters: 
 - powers........................: (0.58, 1.1, 0.08, 0.05, 0.27)
 - weights.......................: (1.4000000000000001, 0.15000000000000002, 0.55, 1.05, 1.9000000000000001)
Fold Wise AUPRC  [0.64, 1.00, 1.00, 1.00, 0.86]
AUC -   0.9973 		AUPRC -   0.8996 

      Threshold       Precision          Recall        F1-Score     Skill Score         FP         FN         TP         TN
         0.4280          0.8378          0.9394          0.8857          0.9379          6          2         31       3921
         0.3260          0.2909          0.9697          0.4476          0.9498         78          1         32       3849
         0.2500          0.1641          0.9697          0.2807          0.9282        163          1         32       3764
         0.5000          0.8438          0.8182          0.8308          0.8169          5          6         27       3922
         0.7500          1.0000          0.4242          0.5957          0.4242          0         19         14       3927



Hyper-Parameters: 
 - powers........................: (1.81, 0.8200000000000001, 0.38, 0.11, 0.2)
 - weights.......................: (0.65, 1.4000000000000001, 0.0, 1.35, 1.4000000000000001)
Fold Wise AUPRC  [0.89, 0.97, 0.90, 0.96, 0.98]
AUC -   0.9994 		AUPRC -   0.9446 

      Threshold       Precision          Recall        F1-Score     Skill Score         FP         FN         TP         TN
         0.4300          0.9630          0.7879          0.8667          0.7876          1          7         26       3926
         0.3200          0.6875          1.0000          0.8148          0.9962         15          0         33       3912
         0.2500          0.2391          1.0000          0.3860          0.9733        105          0         33       3822
         0.5000          1.0000          0.6970          0.8214          0.6970          0         10         23       3927
         0.7500          0.0000          0.0000          0.0000          0.0000          0         33          0       3927



Hyper-Parameters: 
 - powers........................: (0.64, 0.13, 0.71, 0.09, 0.91)
 - weights.......................: (0.8, 0.55, 0.7000000000000001, 1.6, 1.2000000000000002)
Fold Wise AUPRC  [0.63, 1.00, 1.00, 1.00, 0.98]
AUC -   0.9991 		AUPRC -   0.9200 

      Threshold       Precision          Recall        F1-Score     Skill Score         FP         FN         TP         TN
         0.3000          0.8378          0.9394          0.8857          0.9379          6          2         31       3921
         0.2360          0.3882          1.0000          0.5593          0.9868         52          0         33       3875
         0.2500          0.5000          0.9697          0.6598          0.9615         32          1         32       3895
         0.5000          0.9200          0.6970          0.7931          0.6965          2         10         23       3925
         0.7500          0.0000          0.0000          0.0000          0.0000          0         33          0       3927



Hyper-Parameters: 
 - powers........................: (0.46, 1.37, 0.12, 0.39, 1.6)
 - weights.......................: (0.35000000000000003, 0.4, 0.6000000000000001, 0.05, 1.3)
Fold Wise AUPRC  [0.56, 1.00, 1.00, 1.00, 0.92]
AUC -   0.9967 		AUPRC -   0.8839 

      Threshold       Precision          Recall        F1-Score     Skill Score         FP         FN         TP         TN
         0.3390          0.8571          0.9091          0.8824          0.9078          5          3         30       3922
         0.1650          0.1493          1.0000          0.2598          0.9521        188          0         33       3739
         0.2500          0.3131          0.9394          0.4697          0.9221         68          2         31       3859
         0.5000          1.0000          0.1818          0.3077          0.1818          0         27          6       3927
         0.7500          0.0000          0.0000          0.0000          0.0000          0         33          0       3927



Hyper-Parameters: 
 - powers........................: (1.06, 0.7000000000000001, 0.15, 0.19, 0.75)
 - weights.......................: (0.45, 0.75, 0.45, 1.8, 1.9500000000000002)
Fold Wise AUPRC  [0.76, 1.00, 1.00, 1.00, 0.94]
AUC -   0.9972 		AUPRC -   0.9092 

      Threshold       Precision          Recall        F1-Score     Skill Score         FP         FN         TP         TN
         0.4550          0.8824          0.9091          0.8955          0.9081          4          3         30       3923
         0.2410          0.1864          1.0000          0.3143          0.9633        144          0         33       3783
         0.2500          0.1802          0.9394          0.3024          0.9035        141          2         31       3786
         0.5000          0.9032          0.8485          0.8750          0.8477          3          5         28       3924
         0.7500          0.0000          0.0000          0.0000          0.0000          0         33          0       3927



Hyper-Parameters: 
 - powers........................: (0.4, 0.07, 0.47000000000000003, 0.26, 0.13)
 - weights.......................: (1.0, 1.1, 0.9, 0.8500000000000001, 0.9)
Fold Wise AUPRC  [0.84, 1.00, 0.96, 0.98, 0.95]
AUC -   0.9994 		AUPRC -   0.9388 

      Threshold       Precision          Recall        F1-Score     Skill Score         FP         FN         TP         TN
         0.3440          0.7619          0.9697          0.8533          0.9672         10          1         32       3917
         0.3100          0.7333          1.0000          0.8462          0.9969         12          0         33       3915
         0.2500          0.6000          1.0000          0.7500          0.9944         22          0         33       3905
         0.5000          0.8889          0.7273          0.8000          0.7265          3          9         24       3924
         0.7500          1.0000          0.1515          0.2632          0.1515          0         28          5       3927



Hyper-Parameters: 
 - powers........................: (0.75, 0.39, 0.56, 0.13, 0.41000000000000003)
 - weights.......................: (0.55, 1.25, 0.05, 1.4500000000000002, 1.05)
Fold Wise AUPRC  [0.89, 0.97, 0.86, 0.93, 0.98]
AUC -   0.9993 		AUPRC -   0.9361 

      Threshold       Precision          Recall        F1-Score     Skill Score         FP         FN         TP         TN
         0.3820          0.9630          0.7879          0.8667          0.7876          1          7         26       3926
         0.2630          0.6226          1.0000          0.7674          0.9949         20          0         33       3907
         0.2500          0.5077          1.0000          0.6735          0.9919         32          0         33       3895
         0.5000          1.0000          0.5758          0.7308          0.5758          0         14         19       3927
         0.7500          0.0000          0.0000          0.0000          0.0000          0         33          0       3927



Hyper-Parameters: 
 - powers........................: (0.31, 0.46, 0.32, 0.01, 0.59)
 - weights.......................: (1.3, 0.25, 0.7000000000000001, 0.35000000000000003, 1.55)
Fold Wise AUPRC  [0.64, 1.00, 1.00, 1.00, 0.86]
AUC -   0.9979 		AUPRC -   0.9020 

      Threshold       Precision          Recall        F1-Score     Skill Score         FP         FN         TP         TN
         0.3700          0.8378          0.9394          0.8857          0.9379          6          2         31       3921
         0.3350          0.5246          0.9697          0.6809          0.9623         29          1         32       3898
         0.2500          0.1850          0.9697          0.3107          0.9338        141          1         32       3786
         0.5000          0.8667          0.7879          0.8254          0.7869          4          7         26       3923
         0.7500          1.0000          0.2121          0.3500          0.2121          0         26          7       3927



Hyper-Parameters: 
 - powers........................: (0.23, 0.62, 0.26, 0.03, 0.05)
 - weights.......................: (0.30000000000000004, 0.1, 0.4, 1.7000000000000002, 1.0)
Fold Wise AUPRC  [0.45, 1.00, 1.00, 1.00, 0.88]
AUC -   0.9953 		AUPRC -   0.8408 

      Threshold       Precision          Recall        F1-Score     Skill Score         FP         FN         TP         TN
         0.2640          0.8333          0.9091          0.8696          0.9076          6          3         30       3921
         0.0980          0.1142          1.0000          0.2050          0.9348        256          0         33       3671
         0.2500          0.7692          0.9091          0.8333          0.9068          9          3         30       3918
         0.5000          0.0000          0.0000          0.0000          0.0000          0         33          0       3927
         0.7500          0.0000          0.0000          0.0000          0.0000          0         33          0       3927



Hyper-Parameters: 
 - powers........................: (0.06, 1.68, 1.04, 0.02, 0.31)
 - weights.......................: (0.9, 0.8500000000000001, 0.2, 2.0, 1.1500000000000001)
Fold Wise AUPRC  [0.91, 1.00, 0.95, 0.96, 0.98]
AUC -   0.9996 		AUPRC -   0.9558 

      Threshold       Precision          Recall        F1-Score     Skill Score         FP         FN         TP         TN
         0.4170          0.9310          0.8182          0.8710          0.8177          2          6         27       3925
         0.2880          0.7174          1.0000          0.8354          0.9967         13          0         33       3914
         0.2500          0.5789          1.0000          0.7333          0.9939         24          0         33       3903
         0.5000          1.0000          0.6970          0.8214          0.6970          0         10         23       3927
         0.7500          0.0000          0.0000          0.0000          0.0000          0         33          0       3927



Hyper-Parameters: 
 - powers........................: (0.1, 0.03, 0.09, 0.04, 0.25)
 - weights.......................: (0.1, 0.9500000000000001, 0.8, 1.3, 1.4500000000000002)
Fold Wise AUPRC  [0.55, 0.98, 0.98, 1.00, 0.98]
AUC -   0.9972 		AUPRC -   0.8735 

      Threshold       Precision          Recall        F1-Score     Skill Score         FP         FN         TP         TN
         0.3940          0.8438          0.8182          0.8308          0.8169          5          6         27       3922
         0.1940          0.1618          1.0000          0.2785          0.9565        171          0         33       3756
         0.2500          0.2541          0.9394          0.4000          0.9162         91          2         31       3836
         0.5000          0.9524          0.6061          0.7407          0.6058          1         13         20       3926
         0.7500          0.0000          0.0000          0.0000          0.0000          0         33          0       3927



Hyper-Parameters: 
 - powers........................: (0.27, 0.19, 0.2, 0.22, 0.09)
 - weights.......................: (1.05, 0.7000000000000001, 0.9500000000000001, 1.1500000000000001, 1.6)
Fold Wise AUPRC  [0.65, 1.00, 1.00, 1.00, 0.98]
AUC -   0.9988 		AUPRC -   0.9121 

      Threshold       Precision          Recall        F1-Score     Skill Score         FP         FN         TP         TN
         0.3770          0.8378          0.9394          0.8857          0.9379          6          2         31       3921
         0.2720          0.2683          1.0000          0.4231          0.9771         90          0         33       3837
         0.2500          0.2308          1.0000          0.3750          0.9720        110          0         33       3817
         0.5000          0.8438          0.8182          0.8308          0.8169          5          6         27       3922
         0.7500          1.0000          0.3333          0.5000          0.3333          0         22         11       3927



Hyper-Parameters: 
 - powers........................: (1.32, 0.24, 0.06, 0.06, 0.04)
 - weights.......................: (1.55, 0.65, 0.25, 0.55, 1.8)
Fold Wise AUPRC  [0.90, 1.00, 1.00, 1.00, 0.88]
AUC -   0.9988 		AUPRC -   0.9485 

      Threshold       Precision          Recall        F1-Score     Skill Score         FP         FN         TP         TN
         0.4770          0.8824          0.9091          0.8955          0.9081          4          3         30       3923
         0.2930          0.2089          1.0000          0.3455          0.9682        125          0         33       3802
         0.2500          0.1594          1.0000          0.2750          0.9557        174          0         33       3753
         0.5000          0.8788          0.8788          0.8788          0.8778          4          4         29       3923
         0.7500          1.0000          0.6970          0.8214          0.6970          0         10         23       3927



Hyper-Parameters: 
 - powers........................: (2.0, 0.08, 1.35, 1.62, 0.97)
 - weights.......................: (0.7000000000000001, 1.55, 0.1, 0.75, 0.65)
Fold Wise AUPRC  [0.94, 0.91, 0.76, 0.88, 0.92]
AUC -   0.9976 		AUPRC -   0.8740 

      Threshold       Precision          Recall        F1-Score     Skill Score         FP         FN         TP         TN
         0.4060          0.8667          0.7879          0.8254          0.7869          4          7         26       3923
         0.2060          0.2598          1.0000          0.4125          0.9761         94          0         33       3833
         0.2500          0.3100          0.9394          0.4662          0.9218         69          2         31       3858
         0.5000          1.0000          0.5758          0.7308          0.5758          0         14         19       3927
         0.7500          0.0000          0.0000          0.0000          0.0000          0         33          0       3927



Best Parameters...
 - modelwt4......................: 1.25
 - modelwt2......................: 0.65
 - modelwt3......................: 1.4
 - modelwt0......................: 0.55
 - modelwt1......................: 0.95
 - z_score.......................: 0.911764705882
 - modelpow4.....................: 0.61
 - modelpow0.....................: 0.53
 - modelpow1.....................: 0.66
 - modelpow2.....................: 0.59
 - modelpow3.....................: 0.3
