

Hyper-Parameters: 
 - weights.......................: (0.4, 0.5, 0.9500000000000001, 0.45, 0.30000000000000004)
Fold Wise AUPRC  [0.45, 1.00, 0.98, 1.00, 0.95]
AUC -   0.9990 		AUPRC -   0.8731 

      Threshold       Precision          Recall        F1-Score     Skill Score         FP         FN         TP         TN
         0.1410          0.7500          1.0000          0.8571          0.9972         11          0         33       3916
         0.1410          0.7500          1.0000          0.8571          0.9972         11          0         33       3916
         0.2500          0.8182          0.5455          0.6545          0.5444          4         15         18       3923
         0.5000          0.0000          0.0000          0.0000          0.0000          0         33          0       3927
         0.7500          0.0000          0.0000          0.0000          0.0000          0         33          0       3927



Hyper-Parameters: 
 - weights.......................: (0.2, 0.15000000000000002, 0.8, 0.8500000000000001, 0.65)
Fold Wise AUPRC  [0.37, 1.00, 1.00, 1.00, 0.89]
AUC -   0.9954 		AUPRC -   0.7598 

      Threshold       Precision          Recall        F1-Score     Skill Score         FP         FN         TP         TN
         0.1480          0.7895          0.9091          0.8451          0.9071          8          3         30       3919
         0.0680          0.1227          1.0000          0.2185          0.9399        236          0         33       3691
         0.2500          0.7619          0.4848          0.5926          0.4836          5         17         16       3922
         0.5000          0.0000          0.0000          0.0000          0.0000          0         33          0       3927
         0.7500          0.0000          0.0000          0.0000          0.0000          0         33          0       3927



Hyper-Parameters: 
 - weights.......................: (0.05, 0.55, 0.8500000000000001, 0.2, 0.2)
Fold Wise AUPRC  [0.35, 0.89, 0.88, 1.00, 0.98]
AUC -   0.9967 		AUPRC -   0.7963 

      Threshold       Precision          Recall        F1-Score     Skill Score         FP         FN         TP         TN
         0.1320          0.8438          0.8182          0.8308          0.8169          5          6         27       3922
         0.0620          0.2062          1.0000          0.3420          0.9677        127          0         33       3800
         0.2500          1.0000          0.1818          0.3077          0.1818          0         27          6       3927
         0.5000          0.0000          0.0000          0.0000          0.0000          0         33          0       3927
         0.7500          0.0000          0.0000          0.0000          0.0000          0         33          0       3927



Best Parameters...
 - z_score.......................: 0.857142857143
 - model3........................: 0.45
 - model2........................: 0.95
 - model1........................: 0.5
 - model0........................: 0.4
 - model4........................: 0.3
