

Hyper-Parameters: 
 - powers........................: (0.64, 0.8300000000000001, 0.84, 0.73, 1.25, 0.66, 1.1300000000000001, 0.54, 0.39, 0.91, 1.53, 1.12, 0.8300000000000001)
 - weights.......................: (0.0, 0.15000000000000002, 0.05, 0.5, 1.25, 1.4500000000000002, 0.35000000000000003, 0.25, 0.9500000000000001, 0.9500000000000001, 0.4, 0.8, 1.05)
Fold Wise AUPRC  [1.00, 1.00, 1.00, 1.00, 1.00]
AUC -   0.9998 		AUPRC -   0.9823 

      Threshold       Precision          Recall        F1-Score     Skill Score         FP         FN         TP         TN
         0.2010          0.9118          0.9394          0.9254          0.9386          3          2         31       3924
         0.1530          0.8462          1.0000          0.9167          0.9985          6          0         33       3921
         0.2500          1.0000          0.8485          0.9180          0.8485          0          5         28       3927
         0.5000          0.0000          0.0000          0.0000          0.0000          0         33          0       3927
         0.7500          0.0000          0.0000          0.0000          0.0000          0         33          0       3927



Hyper-Parameters: 
 - powers........................: (0.36, 0.88, 0.51, 0.34, 0.98, 0.35000000000000003, 1.24, 0.32, 0.46, 0.41000000000000003, 0.81, 0.27, 1.03)
 - weights.......................: (0.5, 0.55, 0.5, 1.1500000000000001, 0.8, 0.6000000000000001, 0.7000000000000001, 0.9, 0.6000000000000001, 1.1, 1.2000000000000002, 0.8500000000000001, 0.8500000000000001)
Fold Wise AUPRC  [1.00, 1.00, 1.00, 1.00, 1.00]
AUC -   0.9998 		AUPRC -   0.9810 

      Threshold       Precision          Recall        F1-Score     Skill Score         FP         FN         TP         TN
         0.3350          0.9118          0.9394          0.9254          0.9386          3          2         31       3924
         0.2370          0.7674          1.0000          0.8684          0.9975         10          0         33       3917
         0.2500          0.7619          0.9697          0.8533          0.9672         10          1         32       3917
         0.5000          1.0000          0.6667          0.8000          0.6667          0         11         22       3927
         0.7500          0.0000          0.0000          0.0000          0.0000          0         33          0       3927



Hyper-Parameters: 
 - powers........................: (0.39, 1.51, 0.98, 1.37, 1.61, 0.42, 0.7000000000000001, 0.75, 0.59, 0.28, 0.55, 0.34, 1.29)
 - weights.......................: (0.35000000000000003, 0.4, 0.75, 0.7000000000000001, 0.65, 0.9, 0.2, 1.1500000000000001, 1.35, 1.3, 1.05, 0.30000000000000004, 0.8)
Fold Wise AUPRC  [0.98, 1.00, 1.00, 1.00, 0.96]
AUC -   0.9997 		AUPRC -   0.9740 

