

Hyper-Parameters: 
 - powers........................: (0.53, 1.86, 0.35000000000000003, 0.52, 0.38, 0.76, 0.88, 0.26, 1.3, 1.8800000000000001, 1.01, 1.12)
 - weights.......................: (0.0, 0.55, 0.5, 0.0, 0.65, 0.25, 1.25, 1.5, 1.85, 0.30000000000000004, 0.6000000000000001, 1.4500000000000002)
Fold Wise AUPRC  [1.00, 1.00, 1.00, 1.00, 0.62]
AUC -   0.9986 		AUPRC -   0.9412 

      Threshold       Precision          Recall        F1-Score     Skill Score         FP         FN         TP         TN
         0.3840          1.0000          0.8485          0.9180          0.8485          0          5         28       3927
         0.1050          0.2260          1.0000          0.3687          0.9712        113          0         33       3814
         0.2500          0.6667          0.9091          0.7692          0.9053         15          3         30       3912
         0.5000          1.0000          0.4242          0.5957          0.4242          0         19         14       3927
         0.7500          0.0000          0.0000          0.0000          0.0000          0         33          0       3927



Hyper-Parameters: 
 - powers........................: (0.53, 1.93, 0.26, 0.5, 0.43, 0.79, 0.87, 0.26, 1.36, 0.41000000000000003, 1.02, 1.09)
 - weights.......................: (0.0, 1.3, 0.5, 0.15000000000000002, 0.6000000000000001, 0.25, 1.3, 1.6, 2.0, 0.30000000000000004, 0.45, 1.4500000000000002)
Fold Wise AUPRC  [1.00, 1.00, 1.00, 1.00, 0.61]
AUC -   0.9985 		AUPRC -   0.9309 

      Threshold       Precision          Recall        F1-Score     Skill Score         FP         FN         TP         TN
         0.3880          0.9375          0.9091          0.9231          0.9086          2          3         30       3925
         0.1050          0.2185          1.0000          0.3587          0.9700        118          0         33       3809
         0.2500          0.6122          0.9091          0.7317          0.9043         19          3         30       3908
         0.5000          1.0000          0.5455          0.7059          0.5455          0         15         18       3927
         0.7500          0.0000          0.0000          0.0000          0.0000          0         33          0       3927



Hyper-Parameters: 
 - powers........................: (0.55, 1.9100000000000001, 0.25, 0.49, 0.37, 0.73, 0.89, 0.26, 1.54, 1.41, 1.09, 1.05)
 - weights.......................: (0.05, 0.75, 0.6000000000000001, 0.05, 0.45, 0.2, 1.25, 1.6, 1.9500000000000002, 0.25, 0.55, 1.4500000000000002)
Fold Wise AUPRC  [1.00, 1.00, 1.00, 1.00, 0.61]
AUC -   0.9984 		AUPRC -   0.9317 

      Threshold       Precision          Recall        F1-Score     Skill Score         FP         FN         TP         TN
         0.3540          0.9375          0.9091          0.9231          0.9086          2          3         30       3925
         0.1070          0.2171          1.0000          0.3568          0.9697        119          0         33       3808
         0.2500          0.6250          0.9091          0.7407          0.9045         18          3         30       3909
         0.5000          1.0000          0.5152          0.6800          0.5152          0         16         17       3927
         0.7500          0.0000          0.0000          0.0000          0.0000          0         33          0       3927



Hyper-Parameters: 
 - powers........................: (0.51, 1.6400000000000001, 0.25, 0.5, 0.35000000000000003, 0.79, 0.91, 0.26, 1.48, 1.2, 1.12, 0.97)
 - weights.......................: (0.15000000000000002, 1.35, 1.1, 0.0, 0.45, 0.30000000000000004, 1.25, 1.6500000000000001, 2.0, 0.8, 0.45, 1.9500000000000002)
Fold Wise AUPRC  [1.00, 1.00, 1.00, 1.00, 0.65]
AUC -   0.9987 		AUPRC -   0.9319 

      Threshold       Precision          Recall        F1-Score     Skill Score         FP         FN         TP         TN
         0.3990          0.9091          0.9091          0.9091          0.9083          3          3         30       3924
         0.1280          0.2598          1.0000          0.4125          0.9761         94          0         33       3833
         0.2500          0.5882          0.9091          0.7143          0.9037         21          3         30       3906
         0.5000          0.9231          0.7273          0.8136          0.7268          2          9         24       3925
         0.7500          1.0000          0.0909          0.1667          0.0909          0         30          3       3927



Hyper-Parameters: 
 - powers........................: (0.6, 0.93, 0.27, 0.46, 0.25, 1.25, 1.01, 0.32, 0.92, 0.8300000000000001, 1.17, 0.8300000000000001)
 - weights.......................: (0.1, 1.25, 0.0, 0.1, 0.05, 0.15000000000000002, 0.75, 1.6500000000000001, 2.0, 0.45, 0.6000000000000001, 1.4500000000000002)
Fold Wise AUPRC  [1.00, 1.00, 1.00, 1.00, 0.59]
AUC -   0.9984 		AUPRC -   0.9346 

      Threshold       Precision          Recall        F1-Score     Skill Score         FP         FN         TP         TN
         0.2910          0.9375          0.9091          0.9231          0.9086          2          3         30       3925
         0.1330          0.2750          1.0000          0.4314          0.9778         87          0         33       3840
         0.2500          0.8333          0.9091          0.8696          0.9076          6          3         30       3921
         0.5000          1.0000          0.2424          0.3902          0.2424          0         25          8       3927
         0.7500          0.0000          0.0000          0.0000          0.0000          0         33          0       3927



Hyper-Parameters: 
 - powers........................: (0.42, 0.89, 0.29, 0.43, 0.25, 1.35, 1.02, 0.34, 0.91, 1.44, 1.23, 0.81)
 - weights.......................: (0.15000000000000002, 0.8, 0.05, 0.8500000000000001, 0.1, 0.1, 0.5, 1.7000000000000002, 1.7000000000000002, 0.8500000000000001, 0.6000000000000001, 1.5)
Fold Wise AUPRC  [1.00, 1.00, 1.00, 1.00, 0.90]
AUC -   0.9996 		AUPRC -   0.9665 

      Threshold       Precision          Recall        F1-Score     Skill Score         FP         FN         TP         TN
         0.3150          0.9375          0.9091          0.9231          0.9086          2          3         30       3925
         0.2090          0.5789          1.0000          0.7333          0.9939         24          0         33       3903
         0.2500          0.7692          0.9091          0.8333          0.9068          9          3         30       3918
         0.5000          1.0000          0.4242          0.5957          0.4242          0         19         14       3927
         0.7500          0.0000          0.0000          0.0000          0.0000          0         33          0       3927



Hyper-Parameters: 
 - powers........................: (0.43, 0.79, 0.3, 0.62, 0.44, 1.44, 1.37, 0.4, 0.41000000000000003, 0.41000000000000003, 0.89, 0.8)
 - weights.......................: (0.2, 0.8500000000000001, 0.05, 0.8500000000000001, 0.2, 0.4, 0.55, 1.35, 1.7000000000000002, 1.35, 0.4, 0.9500000000000001)
Fold Wise AUPRC  [1.00, 1.00, 1.00, 1.00, 1.00]
AUC -   0.9998 		AUPRC -   0.9755 

      Threshold       Precision          Recall        F1-Score     Skill Score         FP         FN         TP         TN
         0.3300          0.9375          0.9091          0.9231          0.9086          2          3         30       3925
         0.2310          0.7674          1.0000          0.8684          0.9975         10          0         33       3917
         0.2500          0.7805          0.9697          0.8649          0.9674          9          1         32       3918
         0.5000          1.0000          0.3939          0.5652          0.3939          0         20         13       3927
         0.7500          0.0000          0.0000          0.0000          0.0000          0         33          0       3927



Hyper-Parameters: 
 - powers........................: (0.42, 0.79, 0.36, 0.65, 0.43, 1.98, 1.4000000000000001, 0.4, 0.26, 0.39, 0.92, 1.24)
 - weights.......................: (0.25, 1.3, 0.55, 0.9, 0.25, 0.45, 0.6000000000000001, 1.3, 1.4000000000000001, 1.4000000000000001, 0.0, 0.9)
Fold Wise AUPRC  [0.95, 1.00, 1.00, 1.00, 1.00]
AUC -   0.9995 		AUPRC -   0.9475 

      Threshold       Precision          Recall        F1-Score     Skill Score         FP         FN         TP         TN
         0.3650          0.9091          0.9091          0.9091          0.9083          3          3         30       3924
         0.1920          0.7333          1.0000          0.8462          0.9969         12          0         33       3915
         0.2500          0.7317          0.9091          0.8108          0.9063         11          3         30       3916
         0.5000          1.0000          0.4848          0.6531          0.4848          0         17         16       3927
         0.7500          0.0000          0.0000          0.0000          0.0000          0         33          0       3927



Hyper-Parameters: 
 - powers........................: (0.25, 0.97, 0.46, 0.45, 0.3, 1.1500000000000001, 0.77, 0.29, 1.98, 0.86, 0.49, 0.99)
 - weights.......................: (0.6000000000000001, 0.6000000000000001, 0.65, 0.6000000000000001, 0.45, 0.7000000000000001, 1.05, 1.9500000000000002, 0.0, 0.45, 0.7000000000000001, 1.35)
Fold Wise AUPRC  [0.90, 1.00, 1.00, 1.00, 0.71]
AUC -   0.9991 		AUPRC -   0.9271 

      Threshold       Precision          Recall        F1-Score     Skill Score         FP         FN         TP         TN
         0.3590          0.8824          0.9091          0.8955          0.9081          4          3         30       3923
         0.1770          0.4583          1.0000          0.6286          0.9901         39          0         33       3888
         0.2500          0.5636          0.9394          0.7045          0.9333         24          2         31       3903
         0.5000          0.9500          0.5758          0.7170          0.5755          1         14         19       3926
         0.7500          0.0000          0.0000          0.0000          0.0000          0         33          0       3927



Hyper-Parameters: 
 - powers........................: (0.25, 1.44, 0.3, 0.73, 0.33, 0.52, 1.06, 1.6400000000000001, 0.79, 1.3900000000000001, 1.22, 0.72)
 - weights.......................: (0.4, 0.30000000000000004, 0.9500000000000001, 1.6500000000000001, 0.05, 0.1, 0.45, 1.8, 1.8, 0.9, 0.0, 1.6)
Fold Wise AUPRC  [0.97, 1.00, 1.00, 1.00, 0.86]
AUC -   0.9993 		AUPRC -   0.9417 

      Threshold       Precision          Recall        F1-Score     Skill Score         FP         FN         TP         TN
         0.4050          0.8788          0.8788          0.8788          0.8778          4          4         29       3923
         0.1690          0.4231          1.0000          0.5946          0.9885         45          0         33       3882
         0.2500          0.7045          0.9394          0.8052          0.9361         13          2         31       3914
         0.5000          0.9583          0.6970          0.8070          0.6967          1         10         23       3926
         0.7500          0.0000          0.0000          0.0000          0.0000          0         33          0       3927



Hyper-Parameters: 
 - powers........................: (0.64, 0.9, 0.47000000000000003, 0.41000000000000003, 0.25, 1.32, 1.01, 0.32, 0.96, 0.88, 1.27, 0.85)
 - weights.......................: (1.4000000000000001, 0.9, 0.0, 0.6000000000000001, 0.0, 1.0, 0.75, 1.75, 1.6500000000000001, 0.8, 1.1500000000000001, 1.8)
Fold Wise AUPRC  [0.98, 1.00, 1.00, 1.00, 0.87]
AUC -   0.9994 		AUPRC -   0.9532 

      Threshold       Precision          Recall        F1-Score     Skill Score         FP         FN         TP         TN
         0.4320          0.9655          0.8485          0.9032          0.8482          1          5         28       3926
         0.1860          0.4925          1.0000          0.6600          0.9913         34          0         33       3893
         0.2500          0.7045          0.9394          0.8052          0.9361         13          2         31       3914
         0.5000          0.9615          0.7576          0.8475          0.7573          1          8         25       3926
         0.7500          1.0000          0.1212          0.2162          0.1212          0         29          4       3927



Hyper-Parameters: 
 - powers........................: (0.63, 0.72, 0.25, 0.88, 0.27, 0.98, 1.69, 0.81, 1.11, 1.6600000000000001, 1.6500000000000001, 0.63)
 - weights.......................: (0.05, 1.1500000000000001, 0.35000000000000003, 0.15000000000000002, 0.45, 0.2, 0.8, 1.55, 2.0, 0.15000000000000002, 1.05, 2.0)
Fold Wise AUPRC  [1.00, 1.00, 1.00, 1.00, 0.62]
AUC -   0.9986 		AUPRC -   0.9377 

      Threshold       Precision          Recall        F1-Score     Skill Score         FP         FN         TP         TN
         0.3230          0.9375          0.9091          0.9231          0.9086          2          3         30       3925
         0.1220          0.2640          1.0000          0.4177          0.9766         92          0         33       3835
         0.2500          0.7692          0.9091          0.8333          0.9068          9          3         30       3918
         0.5000          1.0000          0.5758          0.7308          0.5758          0         14         19       3927
         0.7500          0.0000          0.0000          0.0000          0.0000          0         33          0       3927



Hyper-Parameters: 
 - powers........................: (0.31, 0.68, 0.35000000000000003, 1.12, 0.36, 1.01, 0.72, 0.9, 1.09, 1.68, 1.74, 0.26)
 - weights.......................: (0.45, 1.1500000000000001, 0.35000000000000003, 0.15000000000000002, 0.8, 0.65, 1.1, 1.5, 1.9000000000000001, 0.15000000000000002, 1.05, 2.0)
Fold Wise AUPRC  [1.00, 1.00, 1.00, 1.00, 0.74]
AUC -   0.9991 		AUPRC -   0.9411 

      Threshold       Precision          Recall        F1-Score     Skill Score         FP         FN         TP         TN
         0.3270          0.9091          0.9091          0.9091          0.9083          3          3         30       3924
         0.1400          0.3976          1.0000          0.5690          0.9873         50          0         33       3877
         0.2500          0.7500          0.9091          0.8219          0.9065         10          3         30       3917
         0.5000          1.0000          0.6970          0.8214          0.6970          0         10         23       3927
         0.7500          1.0000          0.0303          0.0588          0.0303          0         32          1       3927



Hyper-Parameters: 
 - powers........................: (0.65, 0.52, 0.67, 1.59, 0.27, 0.68, 1.58, 0.78, 1.47, 1.32, 1.97, 0.63)
 - weights.......................: (0.7000000000000001, 0.0, 1.1500000000000001, 0.0, 0.45, 0.8500000000000001, 0.9, 0.9500000000000001, 0.2, 0.0, 1.1, 1.85)
Fold Wise AUPRC  [0.95, 1.00, 1.00, 1.00, 0.77]
AUC -   0.9991 		AUPRC -   0.9282 

      Threshold       Precision          Recall        F1-Score     Skill Score         FP         FN         TP         TN
         0.3120          0.9000          0.8182          0.8571          0.8174          3          6         27       3924
         0.1040          0.4286          1.0000          0.6000          0.9888         44          0         33       3883
         0.2500          0.7838          0.8788          0.8286          0.8768          8          4         29       3919
         0.5000          1.0000          0.1515          0.2632          0.1515          0         28          5       3927
         0.7500          0.0000          0.0000          0.0000          0.0000          0         33          0       3927



Hyper-Parameters: 
 - powers........................: (0.58, 1.1500000000000001, 0.38, 0.54, 0.59, 0.25, 2.0, 0.45, 0.65, 0.45, 0.8, 1.22)
 - weights.......................: (0.9, 1.4000000000000001, 0.5, 0.15000000000000002, 0.8, 0.35000000000000003, 1.4000000000000001, 1.1500000000000001, 1.5, 0.4, 0.35000000000000003, 1.6500000000000001)
Fold Wise AUPRC  [0.92, 1.00, 1.00, 1.00, 0.69]
AUC -   0.9986 		AUPRC -   0.9213 

      Threshold       Precision          Recall        F1-Score     Skill Score         FP         FN         TP         TN
         0.3630          0.9091          0.9091          0.9091          0.9083          3          3         30       3924
         0.1010          0.2463          1.0000          0.3952          0.9743        101          0         33       3826
         0.2500          0.7317          0.9091          0.8108          0.9063         11          3         30       3916
         0.5000          0.9500          0.5758          0.7170          0.5755          1         14         19       3926
         0.7500          1.0000          0.0303          0.0588          0.0303          0         32          1       3927



Hyper-Parameters: 
 - powers........................: (0.35000000000000003, 1.6300000000000001, 0.41000000000000003, 0.9, 0.38, 0.55, 0.6, 0.29, 0.77, 0.7000000000000001, 0.48, 0.99)
 - weights.......................: (1.3, 1.2000000000000002, 0.8500000000000001, 0.7000000000000001, 1.1, 0.15000000000000002, 0.7000000000000001, 2.0, 0.75, 0.4, 0.7000000000000001, 1.1)
Fold Wise AUPRC  [0.88, 1.00, 1.00, 1.00, 0.63]
AUC -   0.9986 		AUPRC -   0.9096 

      Threshold       Precision          Recall        F1-Score     Skill Score         FP         FN         TP         TN
         0.3620          0.8333          0.9091          0.8696          0.9076          6          3         30       3921
         0.1740          0.3235          1.0000          0.4889          0.9824         69          0         33       3858
         0.2500          0.5556          0.9091          0.6897          0.9030         24          3         30       3903
         0.5000          0.9200          0.6970          0.7931          0.6965          2         10         23       3925
         0.7500          1.0000          0.0606          0.1143          0.0606          0         31          2       3927



Hyper-Parameters: 
 - powers........................: (0.45, 1.02, 0.31, 1.02, 0.46, 1.53, 1.28, 0.4, 0.41000000000000003, 0.53, 0.8300000000000001, 0.75)
 - weights.......................: (0.15000000000000002, 1.05, 0.05, 1.0, 1.6500000000000001, 0.4, 0.05, 1.3, 1.05, 1.35, 0.30000000000000004, 0.9500000000000001)
Fold Wise AUPRC  [1.00, 1.00, 1.00, 1.00, 1.00]
AUC -   0.9997 		AUPRC -   0.9686 

      Threshold       Precision          Recall        F1-Score     Skill Score         FP         FN         TP         TN
         0.3080          0.9375          0.9091          0.9231          0.9086          2          3         30       3925
         0.1790          0.7500          1.0000          0.8571          0.9972         11          0         33       3916
         0.2500          0.7692          0.9091          0.8333          0.9068          9          3         30       3918
         0.5000          1.0000          0.3030          0.4651          0.3030          0         23         10       3927
         0.7500          0.0000          0.0000          0.0000          0.0000          0         33          0       3927



Hyper-Parameters: 
 - powers........................: (0.28, 1.03, 0.74, 1.47, 0.48, 0.32, 1.25, 0.51, 0.32, 0.54, 0.56, 1.3800000000000001)
 - weights.......................: (2.0, 0.7000000000000001, 1.6, 1.1500000000000001, 1.35, 0.6000000000000001, 0.05, 0.8500000000000001, 0.2, 1.55, 0.35000000000000003, 0.6000000000000001)
Fold Wise AUPRC  [0.56, 1.00, 1.00, 1.00, 1.00]
AUC -   0.9992 		AUPRC -   0.8970 

      Threshold       Precision          Recall        F1-Score     Skill Score         FP         FN         TP         TN
         0.2250          0.7674          1.0000          0.8684          0.9975         10          0         33       3917
         0.2250          0.7674          1.0000          0.8684          0.9975         10          0         33       3917
         0.2500          0.7692          0.9091          0.8333          0.9068          9          3         30       3918
         0.5000          0.9000          0.5455          0.6792          0.5449          2         15         18       3925
         0.7500          1.0000          0.0909          0.1667          0.0909          0         30          3       3927



Hyper-Parameters: 
 - powers........................: (1.18, 0.79, 0.28, 0.63, 0.74, 1.19, 1.4000000000000001, 0.38, 0.4, 0.29, 0.88, 0.53)
 - weights.......................: (0.65, 0.9, 0.25, 0.45, 0.2, 0.0, 0.6000000000000001, 1.4000000000000001, 1.25, 1.3, 0.75, 1.2000000000000002)
Fold Wise AUPRC  [1.00, 1.00, 1.00, 1.00, 0.91]
AUC -   0.9997 		AUPRC -   0.9722 

      Threshold       Precision          Recall        F1-Score     Skill Score         FP         FN         TP         TN
         0.3280          0.9375          0.9091          0.9231          0.9086          2          3         30       3925
         0.2080          0.6875          1.0000          0.8148          0.9962         15          0         33       3912
         0.2500          0.7949          0.9394          0.8611          0.9374          8          2         31       3919
         0.5000          1.0000          0.4242          0.5957          0.4242          0         19         14       3927
         0.7500          0.0000          0.0000          0.0000          0.0000          0         33          0       3927



Hyper-Parameters: 
 - powers........................: (1.18, 0.53, 0.51, 0.66, 1.12, 1.23, 1.83, 0.35000000000000003, 0.34, 0.27, 1.36, 0.36)
 - weights.......................: (0.65, 1.9500000000000002, 0.2, 0.5, 0.15000000000000002, 1.1500000000000001, 0.35000000000000003, 1.05, 1.2000000000000002, 1.2000000000000002, 0.75, 1.25)
Fold Wise AUPRC  [0.86, 1.00, 1.00, 1.00, 0.96]
AUC -   0.9994 		AUPRC -   0.9339 

      Threshold       Precision          Recall        F1-Score     Skill Score         FP         FN         TP         TN
         0.2360          0.8158          0.9394          0.8732          0.9376          7          2         31       3920
         0.1820          0.7021          1.0000          0.8250          0.9964         14          0         33       3913
         0.2500          0.8158          0.9394          0.8732          0.9376          7          2         31       3920
         0.5000          1.0000          0.4242          0.5957          0.4242          0         19         14       3927
         0.7500          1.0000          0.0303          0.0588          0.0303          0         32          1       3927



Hyper-Parameters: 
 - powers........................: (0.36, 0.66, 1.57, 2.0, 0.25, 1.01, 1.6600000000000001, 0.99, 0.87, 1.99, 1.58, 0.25)
 - weights.......................: (1.2000000000000002, 0.45, 0.35000000000000003, 0.75, 0.35000000000000003, 0.5, 0.4, 1.75, 1.75, 0.8, 1.6, 1.55)
Fold Wise AUPRC  [1.00, 1.00, 1.00, 1.00, 0.87]
AUC -   0.9995 		AUPRC -   0.9627 

      Threshold       Precision          Recall        F1-Score     Skill Score         FP         FN         TP         TN
         0.3830          0.9091          0.9091          0.9091          0.9083          3          3         30       3924
         0.1780          0.4583          1.0000          0.6286          0.9901         39          0         33       3888
         0.2500          0.6957          0.9697          0.8101          0.9661         14          1         32       3913
         0.5000          1.0000          0.8182          0.9000          0.8182          0          6         27       3927
         0.7500          1.0000          0.1212          0.2162          0.1212          0         29          4       3927



Hyper-Parameters: 
 - powers........................: (1.44, 1.28, 0.42, 1.08, 0.74, 1.6400000000000001, 1.18, 0.45, 0.45, 0.3, 0.85, 0.55)
 - weights.......................: (0.9, 1.05, 0.25, 0.9500000000000001, 1.6500000000000001, 0.0, 0.05, 1.2000000000000002, 1.05, 1.35, 0.25, 0.35000000000000003)
Fold Wise AUPRC  [0.91, 1.00, 1.00, 1.00, 1.00]
AUC -   0.9996 		AUPRC -   0.9586 

      Threshold       Precision          Recall        F1-Score     Skill Score         FP         FN         TP         TN
         0.3250          0.9333          0.8485          0.8889          0.8480          2          5         28       3925
         0.1780          0.7500          1.0000          0.8571          0.9972         11          0         33       3916
         0.2500          0.8108          0.9091          0.8571          0.9073          7          3         30       3920
         0.5000          1.0000          0.2727          0.4286          0.2727          0         24          9       3927
         0.7500          0.0000          0.0000          0.0000          0.0000          0         33          0       3927



Hyper-Parameters: 
 - powers........................: (1.18, 0.81, 0.33, 1.32, 0.75, 1.58, 1.3900000000000001, 0.39, 0.27, 0.35000000000000003, 0.73, 0.72)
 - weights.......................: (0.35000000000000003, 0.25, 1.2000000000000002, 1.1, 2.0, 0.75, 0.0, 0.8500000000000001, 0.8, 1.7000000000000002, 0.1, 0.8500000000000001)
Fold Wise AUPRC  [0.93, 1.00, 1.00, 1.00, 1.00]
AUC -   0.9995 		AUPRC -   0.9436 

      Threshold       Precision          Recall        F1-Score     Skill Score         FP         FN         TP         TN
         0.3430          0.8750          0.8485          0.8615          0.8475          4          5         28       3923
         0.2070          0.7500          1.0000          0.8571          0.9972         11          0         33       3916
         0.2500          0.7692          0.9091          0.8333          0.9068          9          3         30       3918
         0.5000          1.0000          0.3636          0.5333          0.3636          0         21         12       3927
         0.7500          0.0000          0.0000          0.0000          0.0000          0         33          0       3927



Hyper-Parameters: 
 - powers........................: (0.5, 0.36, 0.49, 0.56, 0.62, 0.44, 0.6900000000000001, 1.83, 0.61, 0.41000000000000003, 1.01, 0.92)
 - weights.......................: (0.25, 1.5, 0.45, 0.30000000000000004, 0.6000000000000001, 0.9500000000000001, 1.75, 1.35, 1.55, 1.5, 0.5, 1.0)
Fold Wise AUPRC  [0.95, 1.00, 1.00, 1.00, 0.86]
AUC -   0.9994 		AUPRC -   0.9493 

      Threshold       Precision          Recall        F1-Score     Skill Score         FP         FN         TP         TN
         0.4230          0.9091          0.9091          0.9091          0.9083          3          3         30       3924
         0.1870          0.4583          1.0000          0.6286          0.9901         39          0         33       3888
         0.2500          0.5614          0.9697          0.7111          0.9633         25          1         32       3902
         0.5000          0.8966          0.7879          0.8387          0.7871          3          7         26       3924
         0.7500          1.0000          0.1515          0.2632          0.1515          0         28          5       3927



Hyper-Parameters: 
 - powers........................: (1.57, 0.45, 0.63, 0.38, 1.03, 0.86, 0.79, 0.52, 0.46, 0.46, 0.44, 0.29)
 - weights.......................: (1.75, 1.6, 1.0, 0.4, 0.55, 1.6500000000000001, 1.1, 1.85, 0.9, 1.0, 0.8500000000000001, 1.2000000000000002)
Fold Wise AUPRC  [0.65, 1.00, 1.00, 1.00, 0.79]
AUC -   0.9989 		AUPRC -   0.8939 

      Threshold       Precision          Recall        F1-Score     Skill Score         FP         FN         TP         TN
         0.3790          0.8108          0.9091          0.8571          0.9073          7          3         30       3920
         0.2020          0.4925          1.0000          0.6600          0.9913         34          0         33       3893
         0.2500          0.5536          0.9394          0.6966          0.9330         25          2         31       3902
         0.5000          0.8182          0.8182          0.8182          0.8167          6          6         27       3921
         0.7500          0.9231          0.3636          0.5217          0.3634          1         21         12       3926



Hyper-Parameters: 
 - powers........................: (0.28, 1.79, 1.23, 0.84, 0.54, 0.28, 0.9400000000000001, 0.28, 0.36, 1.01, 0.68, 1.98)
 - weights.......................: (1.6500000000000001, 0.75, 0.65, 1.7000000000000002, 0.30000000000000004, 2.0, 0.9500000000000001, 1.5, 1.4500000000000002, 1.1, 1.9500000000000002, 0.7000000000000001)
Fold Wise AUPRC  [0.84, 1.00, 1.00, 1.00, 1.00]
AUC -   0.9995 		AUPRC -   0.9468 

      Threshold       Precision          Recall        F1-Score     Skill Score         FP         FN         TP         TN
         0.3780          0.8000          0.9697          0.8767          0.9677          8          1         32       3919
         0.3100          0.7674          1.0000          0.8684          0.9975         10          0         33       3917
         0.2500          0.6226          1.0000          0.7674          0.9949         20          0         33       3907
         0.5000          0.8286          0.8788          0.8529          0.8773          6          4         29       3921
         0.7500          0.9474          0.5455          0.6923          0.5452          1         15         18       3926



Hyper-Parameters: 
 - powers........................: (0.74, 1.36, 0.79, 0.78, 0.46, 0.42, 0.25, 0.73, 0.5700000000000001, 0.67, 0.58, 1.09)
 - weights.......................: (0.8, 0.2, 0.6000000000000001, 1.4500000000000002, 1.05, 1.3, 1.9500000000000002, 1.0, 1.6500000000000001, 1.9500000000000002, 0.05, 0.55)
Fold Wise AUPRC  [0.85, 1.00, 1.00, 1.00, 0.96]
AUC -   0.9995 		AUPRC -   0.9424 

      Threshold       Precision          Recall        F1-Score     Skill Score         FP         FN         TP         TN
         0.4510          0.8824          0.9091          0.8955          0.9081          4          3         30       3923
         0.2620          0.6226          1.0000          0.7674          0.9949         20          0         33       3907
         0.2500          0.6000          1.0000          0.7500          0.9944         22          0         33       3905
         0.5000          0.9032          0.8485          0.8750          0.8477          3          5         28       3924
         0.7500          1.0000          0.2727          0.4286          0.2727          0         24          9       3927



Hyper-Parameters: 
 - powers........................: (0.58, 1.67, 0.27, 0.46, 0.39, 0.37, 0.5700000000000001, 1.3800000000000001, 1.8, 1.1400000000000001, 1.3900000000000001, 1.41)
 - weights.......................: (0.05, 0.5, 1.8, 0.05, 0.05, 0.8, 1.4500000000000002, 1.6500000000000001, 1.9500000000000002, 0.5, 0.55, 1.35)
Fold Wise AUPRC  [0.95, 1.00, 1.00, 1.00, 0.63]
AUC -   0.9984 		AUPRC -   0.9159 

      Threshold       Precision          Recall        F1-Score     Skill Score         FP         FN         TP         TN
         0.3840          0.8333          0.9091          0.8696          0.9076          6          3         30       3921
         0.1150          0.2200          1.0000          0.3607          0.9702        117          0         33       3810
         0.2500          0.5660          0.9091          0.6977          0.9032         23          3         30       3904
         0.5000          0.9259          0.7576          0.8333          0.7571          2          8         25       3925
         0.7500          1.0000          0.0909          0.1667          0.0909          0         30          3       3927



Hyper-Parameters: 
 - powers........................: (0.45, 0.5, 0.29, 0.25, 1.35, 1.44, 1.1300000000000001, 0.63, 0.29, 0.62, 0.74, 0.78)
 - weights.......................: (0.55, 0.05, 0.1, 0.8500000000000001, 0.9, 1.4500000000000002, 0.55, 0.75, 1.7000000000000002, 0.9, 0.9500000000000001, 0.2)
Fold Wise AUPRC  [0.90, 1.00, 1.00, 1.00, 1.00]
AUC -   0.9997 		AUPRC -   0.9650 

      Threshold       Precision          Recall        F1-Score     Skill Score         FP         FN         TP         TN
         0.2490          0.8205          0.9697          0.8889          0.9679          7          1         32       3920
         0.2110          0.7674          1.0000          0.8684          0.9975         10          0         33       3917
         0.2500          0.8205          0.9697          0.8889          0.9679          7          1         32       3920
         0.5000          1.0000          0.3030          0.4651          0.3030          0         23         10       3927
         0.7500          0.0000          0.0000          0.0000          0.0000          0         33          0       3927



Hyper-Parameters: 
 - powers........................: (0.79, 1.48, 0.42, 0.35000000000000003, 0.32, 0.58, 0.52, 0.33, 1.74, 0.9, 1.1300000000000001, 0.45)
 - weights.......................: (1.9500000000000002, 0.65, 1.3, 0.30000000000000004, 0.75, 0.55, 1.8, 1.9000000000000001, 1.85, 0.7000000000000001, 1.25, 1.7000000000000002)
Fold Wise AUPRC  [0.96, 1.00, 1.00, 1.00, 0.78]
AUC -   0.9992 		AUPRC -   0.9382 

      Threshold       Precision          Recall        F1-Score     Skill Score         FP         FN         TP         TN
         0.4830          0.8824          0.9091          0.8955          0.9081          4          3         30       3923
         0.2000          0.4648          1.0000          0.6346          0.9903         38          0         33       3889
         0.2500          0.4844          0.9394          0.6392          0.9310         33          2         31       3894
         0.5000          0.8788          0.8788          0.8788          0.8778          4          4         29       3923
         0.7500          1.0000          0.5758          0.7308          0.5758          0         14         19       3927



Hyper-Parameters: 
 - powers........................: (0.81, 1.99, 0.92, 0.4, 0.29, 0.72, 0.38, 0.28, 1.23, 0.75, 0.26, 0.88)
 - weights.......................: (0.1, 1.85, 1.05, 0.25, 0.0, 0.15000000000000002, 1.1500000000000001, 1.4500000000000002, 1.3, 0.1, 0.65, 1.4000000000000001)
Fold Wise AUPRC  [0.93, 1.00, 1.00, 1.00, 0.62]
AUC -   0.9984 		AUPRC -   0.9102 

      Threshold       Precision          Recall        F1-Score     Skill Score         FP         FN         TP         TN
         0.3400          0.8571          0.9091          0.8824          0.9078          5          3         30       3922
         0.1190          0.2578          1.0000          0.4099          0.9758         95          0         33       3832
         0.2500          0.6977          0.9091          0.7895          0.9058         13          3         30       3914
         0.5000          0.9091          0.6061          0.7273          0.6056          2         13         20       3925
         0.7500          0.0000          0.0000          0.0000          0.0000          0         33          0       3927



Hyper-Parameters: 
 - powers........................: (0.48, 0.88, 0.54, 0.32, 2.0, 1.32, 1.05, 0.35000000000000003, 0.86, 1.24, 1.26, 0.56)
 - weights.......................: (0.45, 1.6500000000000001, 0.0, 1.2000000000000002, 1.35, 0.05, 0.8500000000000001, 1.7000000000000002, 0.65, 0.7000000000000001, 1.9500000000000002, 1.55)
Fold Wise AUPRC  [0.98, 1.00, 1.00, 1.00, 0.96]
AUC -   0.9996 		AUPRC -   0.9666 

      Threshold       Precision          Recall        F1-Score     Skill Score         FP         FN         TP         TN
         0.3900          0.9375          0.9091          0.9231          0.9086          2          3         30       3925
         0.2390          0.5789          1.0000          0.7333          0.9939         24          0         33       3903
         0.2500          0.6667          0.9697          0.7901          0.9656         16          1         32       3911
         0.5000          0.9630          0.7879          0.8667          0.7876          1          7         26       3926
         0.7500          1.0000          0.1515          0.2632          0.1515          0         28          5       3927



Hyper-Parameters: 
 - powers........................: (1.57, 0.64, 0.61, 0.7000000000000001, 1.34, 1.77, 1.49, 0.46, 0.52, 1.57, 1.47, 0.37)
 - weights.......................: (1.1500000000000001, 0.9500000000000001, 0.2, 0.55, 0.35000000000000003, 0.0, 0.65, 0.4, 1.25, 1.25, 0.8, 1.1500000000000001)
Fold Wise AUPRC  [0.97, 1.00, 1.00, 1.00, 0.95]
AUC -   0.9998 		AUPRC -   0.9732 

      Threshold       Precision          Recall        F1-Score     Skill Score         FP         FN         TP         TN
         0.2440          0.8611          0.9394          0.8986          0.9381          5          2         31       3922
         0.2060          0.8049          1.0000          0.8919          0.9980          8          0         33       3919
         0.2500          0.8611          0.9394          0.8986          0.9381          5          2         31       3922
         0.5000          1.0000          0.3333          0.5000          0.3333          0         22         11       3927
         0.7500          0.0000          0.0000          0.0000          0.0000          0         33          0       3927



Hyper-Parameters: 
 - powers........................: (0.33, 0.35000000000000003, 0.39, 0.27, 0.6900000000000001, 0.37, 0.48, 0.54, 0.73, 0.58, 1.09, 1.69)
 - weights.......................: (0.2, 0.8500000000000001, 0.8500000000000001, 1.3, 0.55, 0.35000000000000003, 1.35, 1.25, 1.55, 1.4500000000000002, 0.4, 0.4)
Fold Wise AUPRC  [0.94, 1.00, 1.00, 1.00, 0.98]
AUC -   0.9996 		AUPRC -   0.9583 

      Threshold       Precision          Recall        F1-Score     Skill Score         FP         FN         TP         TN
         0.4720          0.9091          0.9091          0.9091          0.9083          3          3         30       3924
         0.2690          0.7333          1.0000          0.8462          0.9969         12          0         33       3915
         0.2500          0.7021          1.0000          0.8250          0.9964         14          0         33       3913
         0.5000          0.8966          0.7879          0.8387          0.7871          3          7         26       3924
         0.7500          1.0000          0.1212          0.2162          0.1212          0         29          4       3927



Hyper-Parameters: 
 - powers........................: (0.41000000000000003, 0.47000000000000003, 0.32, 0.99, 0.5, 1.07, 0.43, 0.25, 0.47000000000000003, 0.25, 0.96, 1.16)
 - weights.......................: (0.8, 0.35000000000000003, 0.75, 1.9500000000000002, 0.9500000000000001, 1.05, 1.2000000000000002, 1.1, 1.9000000000000001, 1.6500000000000001, 0.2, 0.8500000000000001)
Fold Wise AUPRC  [0.88, 1.00, 1.00, 1.00, 1.00]
AUC -   0.9996 		AUPRC -   0.9498 

      Threshold       Precision          Recall        F1-Score     Skill Score         FP         FN         TP         TN
         0.4950          0.8824          0.9091          0.8955          0.9081          4          3         30       3923
         0.2760          0.7674          1.0000          0.8684          0.9975         10          0         33       3917
         0.2500          0.7021          1.0000          0.8250          0.9964         14          0         33       3913
         0.5000          0.8788          0.8788          0.8788          0.8778          4          4         29       3923
         0.7500          1.0000          0.3333          0.5000          0.3333          0         22         11       3927



Hyper-Parameters: 
 - powers........................: (0.48, 1.31, 1.17, 0.31, 1.85, 0.8, 0.74, 0.48, 1.37, 1.23, 1.82, 0.67)
 - weights.......................: (0.45, 1.55, 0.45, 1.2000000000000002, 1.4000000000000001, 0.25, 0.8500000000000001, 1.9500000000000002, 0.55, 0.7000000000000001, 1.9500000000000002, 1.75)
Fold Wise AUPRC  [1.00, 1.00, 1.00, 1.00, 0.92]
AUC -   0.9996 		AUPRC -   0.9608 

      Threshold       Precision          Recall        F1-Score     Skill Score         FP         FN         TP         TN
         0.4310          0.9375          0.9091          0.9231          0.9086          2          3         30       3925
         0.2400          0.5238          1.0000          0.6875          0.9924         30          0         33       3897
         0.2500          0.5424          0.9697          0.6957          0.9628         27          1         32       3900
         0.5000          0.9286          0.7879          0.8525          0.7874          2          7         26       3925
         0.7500          1.0000          0.3333          0.5000          0.3333          0         22         11       3927



Hyper-Parameters: 
 - powers........................: (0.6900000000000001, 1.25, 1.6600000000000001, 0.29, 1.53, 0.63, 0.32, 1.1, 1.3900000000000001, 1.08, 1.69, 0.5)
 - weights.......................: (0.35000000000000003, 1.7000000000000002, 0.9500000000000001, 1.75, 1.9500000000000002, 1.1500000000000001, 1.5, 2.0, 0.30000000000000004, 0.25, 1.8, 1.9000000000000001)
Fold Wise AUPRC  [0.85, 1.00, 1.00, 1.00, 0.94]
AUC -   0.9993 		AUPRC -   0.9308 

      Threshold       Precision          Recall        F1-Score     Skill Score         FP         FN         TP         TN
         0.5590          0.9000          0.8182          0.8571          0.8174          3          6         27       3924
         0.3020          0.5893          1.0000          0.7416          0.9941         23          0         33       3904
         0.2500          0.4783          1.0000          0.6471          0.9908         36          0         33       3891
         0.5000          0.8286          0.8788          0.8529          0.8773          6          4         29       3921
         0.7500          0.9500          0.5758          0.7170          0.5755          1         14         19       3926



Hyper-Parameters: 
 - powers........................: (0.39, 1.09, 0.33, 1.32, 0.41000000000000003, 1.99, 0.84, 0.41000000000000003, 0.43, 0.55, 0.52, 1.5)
 - weights.......................: (0.9500000000000001, 1.35, 0.1, 1.05, 1.7000000000000002, 0.45, 1.3, 1.25, 1.0, 1.8, 0.30000000000000004, 0.7000000000000001)
Fold Wise AUPRC  [0.87, 1.00, 1.00, 1.00, 0.98]
AUC -   0.9996 		AUPRC -   0.9546 

      Threshold       Precision          Recall        F1-Score     Skill Score         FP         FN         TP         TN
         0.4040          0.9091          0.9091          0.9091          0.9083          3          3         30       3924
         0.2500          0.7500          1.0000          0.8571          0.9972         11          0         33       3916
         0.2500          0.7500          1.0000          0.8571          0.9972         11          0         33       3916
         0.5000          0.9231          0.7273          0.8136          0.7268          2          9         24       3925
         0.7500          1.0000          0.1212          0.2162          0.1212          0         29          4       3927



Hyper-Parameters: 
 - powers........................: (1.97, 0.26, 0.28, 0.59, 0.8, 0.9, 1.8800000000000001, 0.31, 0.37, 0.31, 0.33, 0.45)
 - weights.......................: (1.1500000000000001, 0.45, 0.30000000000000004, 0.4, 0.7000000000000001, 1.55, 0.30000000000000004, 1.4000000000000001, 0.8500000000000001, 1.0, 1.4000000000000001, 1.05)
Fold Wise AUPRC  [0.93, 1.00, 1.00, 1.00, 0.90]
AUC -   0.9994 		AUPRC -   0.9503 

      Threshold       Precision          Recall        F1-Score     Skill Score         FP         FN         TP         TN
         0.2920          0.8378          0.9394          0.8857          0.9379          6          2         31       3921
         0.1520          0.4925          1.0000          0.6600          0.9913         34          0         33       3893
         0.2500          0.7561          0.9394          0.8378          0.9368         10          2         31       3917
         0.5000          1.0000          0.5758          0.7308          0.5758          0         14         19       3927
         0.7500          1.0000          0.0303          0.0588          0.0303          0         32          1       3927



Hyper-Parameters: 
 - powers........................: (1.02, 0.73, 0.36, 0.98, 0.92, 1.52, 1.74, 0.64, 0.39, 0.28, 0.79, 0.33)
 - weights.......................: (0.7000000000000001, 1.1, 0.25, 1.0, 1.6, 0.65, 0.15000000000000002, 0.65, 1.1, 1.9000000000000001, 1.55, 0.9500000000000001)
Fold Wise AUPRC  [0.95, 1.00, 0.98, 1.00, 0.98]
AUC -   0.9997 		AUPRC -   0.9704 

      Threshold       Precision          Recall        F1-Score     Skill Score         FP         FN         TP         TN
         0.4030          1.0000          0.8182          0.9000          0.8182          0          6         27       3927
         0.2350          0.7500          1.0000          0.8571          0.9972         11          0         33       3916
         0.2500          0.7442          0.9697          0.8421          0.9669         11          1         32       3916
         0.5000          1.0000          0.6061          0.7547          0.6061          0         13         20       3927
         0.7500          1.0000          0.0909          0.1667          0.0909          0         30          3       3927



Hyper-Parameters: 
 - powers........................: (0.28, 1.01, 1.36, 1.77, 0.58, 0.47000000000000003, 0.67, 0.37, 0.63, 0.5, 0.41000000000000003, 1.87)
 - weights.......................: (1.3, 1.25, 0.7000000000000001, 1.4000000000000001, 1.8, 0.9, 1.55, 1.6, 0.05, 1.1, 0.1, 0.05)
Fold Wise AUPRC  [0.52, 1.00, 1.00, 1.00, 0.90]
AUC -   0.9990 		AUPRC -   0.8822 

      Threshold       Precision          Recall        F1-Score     Skill Score         FP         FN         TP         TN
         0.2790          0.7442          0.9697          0.8421          0.9669         11          1         32       3916
         0.2190          0.5238          1.0000          0.6875          0.9924         30          0         33       3897
         0.2500          0.5926          0.9697          0.7356          0.9641         22          1         32       3905
         0.5000          0.8462          0.6667          0.7458          0.6656          4         11         22       3923
         0.7500          1.0000          0.1515          0.2632          0.1515          0         28          5       3927



Hyper-Parameters: 
 - powers........................: (0.87, 1.85, 0.44, 0.49, 0.36, 0.73, 0.93, 0.25, 1.56, 0.9400000000000001, 1.04, 1.08)
 - weights.......................: (0.0, 1.4500000000000002, 0.55, 0.2, 0.8500000000000001, 0.25, 1.75, 1.85, 1.4000000000000001, 0.30000000000000004, 0.45, 1.4500000000000002)
Fold Wise AUPRC  [0.98, 1.00, 1.00, 1.00, 0.61]
AUC -   0.9984 		AUPRC -   0.9199 

      Threshold       Precision          Recall        F1-Score     Skill Score         FP         FN         TP         TN
         0.3750          0.8824          0.9091          0.8955          0.9081          4          3         30       3923
         0.1040          0.2089          1.0000          0.3455          0.9682        125          0         33       3802
         0.2500          0.5357          0.9091          0.6742          0.9025         26          3         30       3901
         0.5000          0.9231          0.7273          0.8136          0.7268          2          9         24       3925
         0.7500          1.0000          0.0303          0.0588          0.0303          0         32          1       3927



Hyper-Parameters: 
 - powers........................: (0.59, 0.91, 0.6900000000000001, 0.35000000000000003, 0.28, 1.71, 0.9500000000000001, 0.74, 0.96, 0.8200000000000001, 1.19, 0.81)
 - weights.......................: (1.5, 0.8, 1.7000000000000002, 1.55, 0.05, 0.1, 0.45, 0.35000000000000003, 1.8, 0.55, 1.2000000000000002, 1.55)
Fold Wise AUPRC  [0.89, 1.00, 1.00, 1.00, 1.00]
AUC -   0.9994 		AUPRC -   0.9368 

      Threshold       Precision          Recall        F1-Score     Skill Score         FP         FN         TP         TN
         0.2400          0.7805          0.9697          0.8649          0.9674          9          1         32       3918
         0.1850          0.7500          1.0000          0.8571          0.9972         11          0         33       3916
         0.2500          0.7750          0.9394          0.8493          0.9371          9          2         31       3918
         0.5000          0.8800          0.6667          0.7586          0.6659          3         11         22       3924
         0.7500          1.0000          0.1212          0.2162          0.1212          0         29          4       3927



Hyper-Parameters: 
 - powers........................: (1.11, 0.5700000000000001, 0.26, 0.87, 1.04, 1.19, 1.68, 1.31, 1.11, 1.73, 1.95, 0.42)
 - weights.......................: (0.6000000000000001, 1.0, 0.35000000000000003, 0.45, 0.2, 0.05, 1.0, 0.1, 0.65, 1.25, 1.35, 2.0)
Fold Wise AUPRC  [1.00, 1.00, 0.98, 1.00, 0.95]
AUC -   0.9998 		AUPRC -   0.9769 

      Threshold       Precision          Recall        F1-Score     Skill Score         FP         FN         TP         TN
         0.3350          1.0000          0.8485          0.9180          0.8485          0          5         28       3927
         0.2340          0.8462          1.0000          0.9167          0.9985          6          0         33       3921
         0.2500          0.8333          0.9091          0.8696          0.9076          6          3         30       3921
         0.5000          1.0000          0.3939          0.5652          0.3939          0         20         13       3927
         0.7500          0.0000          0.0000          0.0000          0.0000          0         33          0       3927



Hyper-Parameters: 
 - powers........................: (0.48, 0.41000000000000003, 1.12, 1.16, 1.81, 0.9500000000000001, 0.27, 0.85, 1.19, 1.99, 1.8900000000000001, 0.64)
 - weights.......................: (0.45, 1.8, 0.45, 1.55, 1.4000000000000001, 0.25, 0.8, 1.55, 0.5, 0.05, 1.85, 1.8)
Fold Wise AUPRC  [0.95, 1.00, 1.00, 1.00, 0.92]
AUC -   0.9994 		AUPRC -   0.9427 

      Threshold       Precision          Recall        F1-Score     Skill Score         FP         FN         TP         TN
         0.4020          0.8571          0.9091          0.8824          0.9078          5          3         30       3922
         0.2120          0.5410          1.0000          0.7021          0.9929         28          0         33       3899
         0.2500          0.6667          0.9697          0.7901          0.9656         16          1         32       3911
         0.5000          0.9286          0.7879          0.8525          0.7874          2          7         26       3925
         0.7500          1.0000          0.1818          0.3077          0.1818          0         27          6       3927



Hyper-Parameters: 
 - powers........................: (1.73, 0.75, 0.56, 0.59, 0.66, 1.07, 1.1500000000000001, 0.27, 0.85, 0.33, 0.63, 0.6)
 - weights.......................: (0.55, 1.6500000000000001, 0.15000000000000002, 0.75, 1.1500000000000001, 0.05, 0.9, 1.75, 0.65, 0.35000000000000003, 0.8500000000000001, 1.3)
Fold Wise AUPRC  [0.91, 1.00, 1.00, 1.00, 0.71]
AUC -   0.9991 		AUPRC -   0.9301 

      Threshold       Precision          Recall        F1-Score     Skill Score         FP         FN         TP         TN
         0.3510          0.9091          0.9091          0.9091          0.9083          3          3         30       3924
         0.1920          0.4853          1.0000          0.6535          0.9911         35          0         33       3892
         0.2500          0.6250          0.9091          0.7407          0.9045         18          3         30       3909
         0.5000          0.9524          0.6061          0.7407          0.6058          1         13         20       3926
         0.7500          0.0000          0.0000          0.0000          0.0000          0         33          0       3927



Hyper-Parameters: 
 - powers........................: (0.6900000000000001, 1.2, 0.25, 0.46, 0.34, 1.25, 1.32, 0.31, 0.71, 0.76, 1.32, 0.75)
 - weights.......................: (0.15000000000000002, 1.1, 0.05, 0.05, 1.9500000000000002, 0.4, 1.05, 1.3, 1.9500000000000002, 0.15000000000000002, 0.55, 1.05)
Fold Wise AUPRC  [1.00, 1.00, 1.00, 1.00, 0.62]
AUC -   0.9986 		AUPRC -   0.9352 

      Threshold       Precision          Recall        F1-Score     Skill Score         FP         FN         TP         TN
         0.3190          0.9375          0.9091          0.9231          0.9086          2          3         30       3925
         0.1020          0.2444          1.0000          0.3929          0.9740        102          0         33       3825
         0.2500          0.8333          0.9091          0.8696          0.9076          6          3         30       3921
         0.5000          1.0000          0.0909          0.1667          0.0909          0         30          3       3927
         0.7500          0.0000          0.0000          0.0000          0.0000          0         33          0       3927



Hyper-Parameters: 
 - powers........................: (0.67, 1.22, 1.29, 0.32, 0.35000000000000003, 0.8, 0.74, 0.49, 1.9000000000000001, 1.28, 1.55, 0.6900000000000001)
 - weights.......................: (0.30000000000000004, 1.9500000000000002, 0.6000000000000001, 1.25, 1.85, 0.30000000000000004, 1.2000000000000002, 1.9500000000000002, 0.35000000000000003, 0.2, 0.5, 1.7000000000000002)
Fold Wise AUPRC  [0.84, 1.00, 1.00, 1.00, 0.67]
AUC -   0.9988 		AUPRC -   0.8957 

      Threshold       Precision          Recall        F1-Score     Skill Score         FP         FN         TP         TN
         0.4120          0.8529          0.8788          0.8657          0.8775          5          4         29       3922
         0.1980          0.4783          1.0000          0.6471          0.9908         36          0         33       3891
         0.2500          0.5254          0.9394          0.6739          0.9323         28          2         31       3899
         0.5000          0.9167          0.6667          0.7719          0.6662          2         11         22       3925
         0.7500          1.0000          0.0606          0.1143          0.0606          0         31          2       3927



Hyper-Parameters: 
 - powers........................: (1.31, 0.6, 0.26, 0.6900000000000001, 0.81, 1.09, 1.55, 0.9, 1.04, 0.65, 0.92, 0.53)
 - weights.......................: (1.05, 1.1500000000000001, 0.30000000000000004, 0.65, 0.4, 0.2, 0.7000000000000001, 1.4000000000000001, 1.6, 0.15000000000000002, 1.05, 0.25)
Fold Wise AUPRC  [0.89, 1.00, 1.00, 1.00, 0.80]
AUC -   0.9992 		AUPRC -   0.9387 

      Threshold       Precision          Recall        F1-Score     Skill Score         FP         FN         TP         TN
         0.3570          0.9091          0.9091          0.9091          0.9083          3          3         30       3924
         0.1560          0.4648          1.0000          0.6346          0.9903         38          0         33       3889
         0.2500          0.7143          0.9091          0.8000          0.9060         12          3         30       3915
         0.5000          1.0000          0.5758          0.7308          0.5758          0         14         19       3927
         0.7500          0.0000          0.0000          0.0000          0.0000          0         33          0       3927



Hyper-Parameters: 
 - powers........................: (0.75, 0.8200000000000001, 0.28, 0.43, 1.2, 1.31, 1.0, 0.33, 0.92, 1.52, 1.17, 0.92)
 - weights.......................: (0.1, 0.9, 0.0, 0.8, 0.15000000000000002, 0.15000000000000002, 0.5, 1.7000000000000002, 1.3, 0.8500000000000001, 0.65, 1.2000000000000002)
Fold Wise AUPRC  [1.00, 1.00, 1.00, 1.00, 0.90]
AUC -   0.9995 		AUPRC -   0.9604 

      Threshold       Precision          Recall        F1-Score     Skill Score         FP         FN         TP         TN
         0.3120          0.9375          0.9091          0.9231          0.9086          2          3         30       3925
         0.2050          0.5690          1.0000          0.7253          0.9936         25          0         33       3902
         0.2500          0.7692          0.9091          0.8333          0.9068          9          3         30       3918
         0.5000          1.0000          0.4242          0.5957          0.4242          0         19         14       3927
         0.7500          0.0000          0.0000          0.0000          0.0000          0         33          0       3927



Hyper-Parameters: 
 - powers........................: (0.75, 0.84, 0.38, 0.44, 1.24, 1.8800000000000001, 1.01, 0.42, 0.91, 1.49, 1.2, 0.91)
 - weights.......................: (0.1, 1.25, 0.0, 0.8500000000000001, 0.1, 0.5, 0.5, 1.8, 1.4500000000000002, 0.9500000000000001, 0.65, 1.5)
Fold Wise AUPRC  [1.00, 1.00, 1.00, 1.00, 0.90]
AUC -   0.9995 		AUPRC -   0.9610 

      Threshold       Precision          Recall        F1-Score     Skill Score         FP         FN         TP         TN
         0.3390          0.9375          0.9091          0.9231          0.9086          2          3         30       3925
         0.2100          0.5593          1.0000          0.7174          0.9934         26          0         33       3901
         0.2500          0.7500          0.9091          0.8219          0.9065         10          3         30       3917
         0.5000          1.0000          0.5152          0.6800          0.5152          0         16         17       3927
         0.7500          0.0000          0.0000          0.0000          0.0000          0         33          0       3927



Hyper-Parameters: 
 - powers........................: (0.88, 0.63, 0.52, 0.39, 1.36, 1.93, 1.06, 0.58, 0.59, 1.1400000000000001, 1.3, 0.56)
 - weights.......................: (0.8, 1.4000000000000001, 0.1, 0.9500000000000001, 1.3, 0.5, 0.6000000000000001, 1.8, 0.9500000000000001, 0.9500000000000001, 1.0, 1.3)
Fold Wise AUPRC  [0.95, 1.00, 1.00, 1.00, 0.95]
AUC -   0.9995 		AUPRC -   0.9535 

      Threshold       Precision          Recall        F1-Score     Skill Score         FP         FN         TP         TN
         0.4140          0.9355          0.8788          0.9062          0.8783          2          4         29       3925
         0.2210          0.5690          1.0000          0.7253          0.9936         25          0         33       3902
         0.2500          0.7273          0.9697          0.8312          0.9666         12          1         32       3915
         0.5000          0.9600          0.7273          0.8276          0.7270          1          9         24       3926
         0.7500          1.0000          0.0909          0.1667          0.0909          0         30          3       3927



Hyper-Parameters: 
 - powers........................: (0.37, 1.53, 0.96, 0.3, 1.75, 0.68, 0.8300000000000001, 0.38, 1.36, 1.87, 1.77, 0.48)
 - weights.......................: (0.5, 0.6000000000000001, 0.45, 1.1, 1.5, 0.30000000000000004, 0.35000000000000003, 1.9000000000000001, 1.2000000000000002, 0.7000000000000001, 0.75, 1.9000000000000001)
Fold Wise AUPRC  [1.00, 1.00, 1.00, 1.00, 0.85]
AUC -   0.9994 		AUPRC -   0.9513 

      Threshold       Precision          Recall        F1-Score     Skill Score         FP         FN         TP         TN
         0.4160          0.9355          0.8788          0.9062          0.8783          2          4         29       3925
         0.1980          0.5323          1.0000          0.6947          0.9926         29          0         33       3898
         0.2500          0.6818          0.9091          0.7792          0.9055         14          3         30       3913
         0.5000          1.0000          0.6667          0.8000          0.6667          0         11         22       3927
         0.7500          1.0000          0.0303          0.0588          0.0303          0         32          1       3927



Hyper-Parameters: 
 - powers........................: (0.56, 0.9400000000000001, 0.31, 0.75, 0.46, 0.85, 0.62, 0.3, 0.54, 0.96, 0.8300000000000001, 1.31)
 - weights.......................: (0.25, 0.75, 1.55, 0.1, 1.0, 0.6000000000000001, 1.6500000000000001, 1.6, 1.75, 0.5, 0.25, 0.9500000000000001)
Fold Wise AUPRC  [0.93, 1.00, 1.00, 1.00, 0.64]
AUC -   0.9984 		AUPRC -   0.9147 

      Threshold       Precision          Recall        F1-Score     Skill Score         FP         FN         TP         TN
         0.4270          0.8824          0.9091          0.8955          0.9081          4          3         30       3923
         0.0980          0.2075          1.0000          0.3438          0.9679        126          0         33       3801
         0.2500          0.5660          0.9091          0.6977          0.9032         23          3         30       3904
         0.5000          0.8929          0.7576          0.8197          0.7568          3          8         25       3924
         0.7500          1.0000          0.0303          0.0588          0.0303          0         32          1       3927



Hyper-Parameters: 
 - powers........................: (0.62, 1.07, 0.33, 1.06, 0.86, 1.46, 1.23, 0.8, 0.31, 0.37, 0.61, 0.59)
 - weights.......................: (0.35000000000000003, 0.9500000000000001, 0.4, 0.65, 0.55, 0.8, 0.2, 1.1500000000000001, 1.05, 1.35, 0.9500000000000001, 0.5)
Fold Wise AUPRC  [0.95, 1.00, 1.00, 1.00, 0.96]
AUC -   0.9996 		AUPRC -   0.9648 

      Threshold       Precision          Recall        F1-Score     Skill Score         FP         FN         TP         TN
         0.3850          0.9643          0.8182          0.8852          0.8179          1          6         27       3926
         0.1990          0.6735          1.0000          0.8049          0.9959         16          0         33       3911
         0.2500          0.8000          0.9697          0.8767          0.9677          8          1         32       3919
         0.5000          1.0000          0.4242          0.5957          0.4242          0         19         14       3927
         0.7500          0.0000          0.0000          0.0000          0.0000          0         33          0       3927



Hyper-Parameters: 
 - powers........................: (0.54, 1.72, 0.26, 0.49, 0.33, 0.53, 0.88, 0.26, 1.72, 0.42, 1.06, 1.04)
 - weights.......................: (0.0, 1.2000000000000002, 0.8, 0.05, 0.5, 0.4, 1.4000000000000001, 1.3, 1.85, 0.0, 0.55, 1.4000000000000001)
Fold Wise AUPRC  [0.98, 1.00, 1.00, 1.00, 0.61]
AUC -   0.9983 		AUPRC -   0.9207 

      Threshold       Precision          Recall        F1-Score     Skill Score         FP         FN         TP         TN
         0.3560          0.9091          0.9091          0.9091          0.9083          3          3         30       3924
         0.0820          0.2012          1.0000          0.3350          0.9666        131          0         33       3796
         0.2500          0.7317          0.9091          0.8108          0.9063         11          3         30       3916
         0.5000          1.0000          0.5152          0.6800          0.5152          0         16         17       3927
         0.7500          0.0000          0.0000          0.0000          0.0000          0         33          0       3927



Hyper-Parameters: 
 - powers........................: (0.51, 1.1500000000000001, 1.11, 0.34, 0.26, 0.91, 1.32, 0.46, 0.75, 0.78, 1.81, 0.7000000000000001)
 - weights.......................: (0.2, 1.55, 0.05, 1.4500000000000002, 1.9000000000000001, 0.35000000000000003, 0.9500000000000001, 1.05, 0.55, 0.6000000000000001, 1.7000000000000002, 1.6500000000000001)
Fold Wise AUPRC  [1.00, 1.00, 1.00, 1.00, 1.00]
AUC -   0.9997 		AUPRC -   0.9692 

      Threshold       Precision          Recall        F1-Score     Skill Score         FP         FN         TP         TN
         0.3110          0.8421          0.9697          0.9014          0.9682          6          1         32       3921
         0.2640          0.7674          1.0000          0.8684          0.9975         10          0         33       3917
         0.2500          0.7333          1.0000          0.8462          0.9969         12          0         33       3915
         0.5000          1.0000          0.6970          0.8214          0.6970          0         10         23       3927
         0.7500          1.0000          0.0909          0.1667          0.0909          0         30          3       3927



Hyper-Parameters: 
 - powers........................: (0.34, 0.3, 0.35000000000000003, 0.64, 0.62, 1.17, 1.48, 0.36, 0.27, 0.35000000000000003, 0.87, 1.22)
 - weights.......................: (0.65, 0.65, 0.2, 0.55, 0.25, 0.7000000000000001, 0.6000000000000001, 1.4500000000000002, 1.5, 1.2000000000000002, 0.4, 0.8)
Fold Wise AUPRC  [0.98, 1.00, 1.00, 1.00, 0.93]
AUC -   0.9996 		AUPRC -   0.9668 

      Threshold       Precision          Recall        F1-Score     Skill Score         FP         FN         TP         TN
         0.3590          0.9375          0.9091          0.9231          0.9086          2          3         30       3925
         0.1990          0.6346          1.0000          0.7765          0.9952         19          0         33       3908
         0.2500          0.7561          0.9394          0.8378          0.9368         10          2         31       3917
         0.5000          1.0000          0.4545          0.6250          0.4545          0         18         15       3927
         0.7500          0.0000          0.0000          0.0000          0.0000          0         33          0       3927



Hyper-Parameters: 
 - powers........................: (0.73, 0.6900000000000001, 0.38, 0.44, 1.24, 1.67, 0.99, 0.42, 0.68, 1.43, 0.77, 0.86)
 - weights.......................: (0.75, 0.9, 0.25, 0.8, 0.15000000000000002, 0.55, 0.45, 1.7000000000000002, 1.3, 1.05, 0.7000000000000001, 1.2000000000000002)
Fold Wise AUPRC  [1.00, 1.00, 1.00, 1.00, 0.95]
AUC -   0.9996 		AUPRC -   0.9640 

      Threshold       Precision          Recall        F1-Score     Skill Score         FP         FN         TP         TN
         0.3880          0.9375          0.9091          0.9231          0.9086          2          3         30       3925
         0.2110          0.6735          1.0000          0.8049          0.9959         16          0         33       3911
         0.2500          0.7209          0.9394          0.8158          0.9363         12          2         31       3915
         0.5000          1.0000          0.6364          0.7778          0.6364          0         12         21       3927
         0.7500          1.0000          0.0303          0.0588          0.0303          0         32          1       3927



Hyper-Parameters: 
 - powers........................: (1.45, 0.37, 0.47000000000000003, 0.55, 0.62, 1.69, 1.48, 0.37, 0.27, 0.27, 0.7000000000000001, 1.54)
 - weights.......................: (0.75, 0.65, 0.30000000000000004, 0.6000000000000001, 0.25, 1.2000000000000002, 0.15000000000000002, 1.4000000000000001, 1.1500000000000001, 1.25, 0.8, 0.75)
Fold Wise AUPRC  [0.94, 1.00, 1.00, 1.00, 0.96]
AUC -   0.9996 		AUPRC -   0.9551 

      Threshold       Precision          Recall        F1-Score     Skill Score         FP         FN         TP         TN
         0.3950          0.9643          0.8182          0.8852          0.8179          1          6         27       3926
         0.1830          0.6471          1.0000          0.7857          0.9954         18          0         33       3909
         0.2500          0.7949          0.9394          0.8611          0.9374          8          2         31       3919
         0.5000          1.0000          0.4848          0.6531          0.4848          0         17         16       3927
         0.7500          0.0000          0.0000          0.0000          0.0000          0         33          0       3927



Hyper-Parameters: 
 - powers........................: (0.6, 1.3900000000000001, 0.3, 0.37, 0.41000000000000003, 0.77, 0.64, 1.61, 1.52, 0.71, 0.98, 1.02)
 - weights.......................: (0.05, 1.3, 1.25, 0.30000000000000004, 0.65, 0.2, 1.25, 1.6500000000000001, 2.0, 0.4, 0.15000000000000002, 1.4500000000000002)
Fold Wise AUPRC  [0.93, 1.00, 1.00, 1.00, 0.62]
AUC -   0.9983 		AUPRC -   0.9128 

      Threshold       Precision          Recall        F1-Score     Skill Score         FP         FN         TP         TN
         0.3730          0.8824          0.9091          0.8955          0.9081          4          3         30       3923
         0.1040          0.2143          1.0000          0.3529          0.9692        121          0         33       3806
         0.2500          0.5882          0.9091          0.7143          0.9037         21          3         30       3906
         0.5000          0.9167          0.6667          0.7719          0.6662          2         11         22       3925
         0.7500          1.0000          0.0303          0.0588          0.0303          0         32          1       3927



Hyper-Parameters: 
 - powers........................: (0.46, 1.34, 1.73, 0.9400000000000001, 0.31, 1.02, 0.77, 1.12, 1.04, 1.6600000000000001, 1.68, 0.68)
 - weights.......................: (0.4, 1.4500000000000002, 1.4000000000000001, 1.2000000000000002, 1.1500000000000001, 0.1, 0.8, 2.0, 0.55, 0.75, 1.4500000000000002, 1.9500000000000002)
Fold Wise AUPRC  [0.97, 1.00, 1.00, 1.00, 0.88]
AUC -   0.9994 		AUPRC -   0.9444 

      Threshold       Precision          Recall        F1-Score     Skill Score         FP         FN         TP         TN
         0.5070          0.9333          0.8485          0.8889          0.8480          2          5         28       3925
         0.2470          0.5410          1.0000          0.7021          0.9929         28          0         33       3899
         0.2500          0.5424          0.9697          0.6957          0.9628         27          1         32       3900
         0.5000          0.9032          0.8485          0.8750          0.8477          3          5         28       3924
         0.7500          1.0000          0.3636          0.5333          0.3636          0         21         12       3927



Hyper-Parameters: 
 - powers........................: (0.4, 1.57, 0.43, 0.52, 0.39, 0.58, 1.1, 0.29, 1.26, 0.84, 1.54, 1.17)
 - weights.......................: (0.25, 1.2000000000000002, 0.5, 0.2, 0.30000000000000004, 0.45, 0.7000000000000001, 1.55, 1.6500000000000001, 0.5, 0.6000000000000001, 1.1)
Fold Wise AUPRC  [1.00, 1.00, 1.00, 1.00, 0.69]
AUC -   0.9990 		AUPRC -   0.9375 

      Threshold       Precision          Recall        F1-Score     Skill Score         FP         FN         TP         TN
         0.3170          0.9091          0.9091          0.9091          0.9083          3          3         30       3924
         0.1490          0.4024          1.0000          0.5739          0.9875         49          0         33       3878
         0.2500          0.7692          0.9091          0.8333          0.9068          9          3         30       3918
         0.5000          1.0000          0.4545          0.6250          0.4545          0         18         15       3927
         0.7500          0.0000          0.0000          0.0000          0.0000          0         33          0       3927



Hyper-Parameters: 
 - powers........................: (0.43, 1.92, 0.4, 0.81, 0.44, 0.32, 0.88, 0.26, 1.6500000000000001, 0.48, 0.91, 1.29)
 - weights.......................: (0.2, 0.5, 0.9, 0.35000000000000003, 0.4, 0.75, 1.35, 0.8500000000000001, 1.9500000000000002, 1.6, 0.35000000000000003, 1.35)
Fold Wise AUPRC  [1.00, 1.00, 1.00, 1.00, 0.91]
AUC -   0.9996 		AUPRC -   0.9649 

      Threshold       Precision          Recall        F1-Score     Skill Score         FP         FN         TP         TN
         0.3600          0.9091          0.9091          0.9091          0.9083          3          3         30       3924
         0.1890          0.5690          1.0000          0.7253          0.9936         25          0         33       3902
         0.2500          0.7273          0.9697          0.8312          0.9666         12          1         32       3915
         0.5000          1.0000          0.6364          0.7778          0.6364          0         12         21       3927
         0.7500          1.0000          0.0303          0.0588          0.0303          0         32          1       3927



Hyper-Parameters: 
 - powers........................: (0.98, 0.86, 0.74, 0.41000000000000003, 1.55, 1.3900000000000001, 0.58, 0.43, 0.81, 1.06, 1.1400000000000001, 0.93)
 - weights.......................: (0.1, 1.25, 1.9500000000000002, 0.25, 0.0, 0.9500000000000001, 1.05, 1.8, 1.6, 0.25, 0.9, 1.6)
Fold Wise AUPRC  [0.92, 1.00, 1.00, 1.00, 0.60]
AUC -   0.9982 		AUPRC -   0.9018 

      Threshold       Precision          Recall        F1-Score     Skill Score         FP         FN         TP         TN
         0.3730          0.7895          0.9091          0.8451          0.9071          8          3         30       3919
         0.1440          0.2845          1.0000          0.4430          0.9789         83          0         33       3844
         0.2500          0.5769          0.9091          0.7059          0.9035         22          3         30       3905
         0.5000          0.8929          0.7576          0.8197          0.7568          3          8         25       3924
         0.7500          1.0000          0.1515          0.2632          0.1515          0         28          5       3927



Hyper-Parameters: 
 - powers........................: (1.1400000000000001, 0.52, 0.28, 1.26, 0.52, 1.54, 1.98, 1.01, 0.33, 0.59, 0.52, 0.39)
 - weights.......................: (0.9500000000000001, 1.0, 0.4, 0.45, 0.75, 0.0, 0.1, 0.9, 0.8, 1.5, 1.3, 0.8500000000000001)
Fold Wise AUPRC  [0.97, 1.00, 0.98, 1.00, 0.96]
AUC -   0.9997 		AUPRC -   0.9690 

      Threshold       Precision          Recall        F1-Score     Skill Score         FP         FN         TP         TN
         0.2960          0.9355          0.8788          0.9062          0.8783          2          4         29       3925
         0.1710          0.6600          1.0000          0.7952          0.9957         17          0         33       3910
         0.2500          0.8108          0.9091          0.8571          0.9073          7          3         30       3920
         0.5000          1.0000          0.3636          0.5333          0.3636          0         21         12       3927
         0.7500          0.0000          0.0000          0.0000          0.0000          0         33          0       3927



Hyper-Parameters: 
 - powers........................: (0.34, 0.76, 0.61, 0.63, 0.77, 1.1500000000000001, 1.45, 0.35000000000000003, 0.35000000000000003, 0.34, 0.88, 0.31)
 - weights.......................: (0.65, 0.1, 0.15000000000000002, 0.55, 1.25, 1.4500000000000002, 0.6000000000000001, 1.4500000000000002, 0.9500000000000001, 1.2000000000000002, 1.1, 0.6000000000000001)
Fold Wise AUPRC  [0.97, 1.00, 0.98, 1.00, 0.93]
AUC -   0.9996 		AUPRC -   0.9636 

      Threshold       Precision          Recall        F1-Score     Skill Score         FP         FN         TP         TN
         0.3600          0.9333          0.8485          0.8889          0.8480          2          5         28       3925
         0.2070          0.6600          1.0000          0.7952          0.9957         17          0         33       3910
         0.2500          0.7442          0.9697          0.8421          0.9669         11          1         32       3916
         0.5000          1.0000          0.4848          0.6531          0.4848          0         17         16       3927
         0.7500          0.0000          0.0000          0.0000          0.0000          0         33          0       3927



Hyper-Parameters: 
 - powers........................: (0.77, 0.84, 0.37, 1.4000000000000001, 0.92, 0.97, 1.6600000000000001, 0.66, 0.99, 1.6, 1.42, 0.76)
 - weights.......................: (0.05, 1.35, 0.0, 0.1, 0.1, 0.65, 0.30000000000000004, 1.55, 1.4000000000000001, 0.35000000000000003, 1.05, 1.8)
Fold Wise AUPRC  [1.00, 1.00, 1.00, 1.00, 0.66]
AUC -   0.9986 		AUPRC -   0.9383 

      Threshold       Precision          Recall        F1-Score     Skill Score         FP         FN         TP         TN
         0.2720          0.9375          0.9091          0.9231          0.9086          2          3         30       3925
         0.0850          0.2308          1.0000          0.3750          0.9720        110          0         33       3817
         0.2500          0.8824          0.9091          0.8955          0.9081          4          3         30       3923
         0.5000          1.0000          0.2121          0.3500          0.2121          0         26          7       3927
         0.7500          0.0000          0.0000          0.0000          0.0000          0         33          0       3927



Hyper-Parameters: 
 - powers........................: (0.26, 0.98, 0.36, 0.67, 1.0, 1.77, 1.58, 0.7000000000000001, 0.49, 1.3800000000000001, 1.43, 0.77)
 - weights.......................: (0.30000000000000004, 0.8500000000000001, 0.05, 0.9, 0.1, 0.65, 0.25, 1.2000000000000002, 1.7000000000000002, 1.4000000000000001, 1.1500000000000001, 1.8)
Fold Wise AUPRC  [1.00, 1.00, 1.00, 1.00, 0.98]
AUC -   0.9998 		AUPRC -   0.9784 

      Threshold       Precision          Recall        F1-Score     Skill Score         FP         FN         TP         TN
         0.3810          1.0000          0.8485          0.9180          0.8485          0          5         28       3927
         0.2250          0.7174          1.0000          0.8354          0.9967         13          0         33       3914
         0.2500          0.7805          0.9697          0.8649          0.9674          9          1         32       3918
         0.5000          1.0000          0.5152          0.6800          0.5152          0         16         17       3927
         0.7500          1.0000          0.0303          0.0588          0.0303          0         32          1       3927



Hyper-Parameters: 
 - powers........................: (0.3, 0.29, 0.35000000000000003, 0.52, 0.48, 0.65, 0.45, 0.27, 1.43, 0.38, 1.01, 1.6300000000000001)
 - weights.......................: (1.4000000000000001, 0.25, 0.6000000000000001, 0.2, 0.65, 0.75, 1.55, 1.4500000000000002, 1.8, 0.05, 0.4, 1.1)
Fold Wise AUPRC  [0.91, 1.00, 1.00, 1.00, 0.63]
AUC -   0.9983 		AUPRC -   0.9148 

      Threshold       Precision          Recall        F1-Score     Skill Score         FP         FN         TP         TN
         0.3860          0.9091          0.9091          0.9091          0.9083          3          3         30       3924
         0.0820          0.1976          1.0000          0.3300          0.9659        134          0         33       3793
         0.2500          0.5882          0.9091          0.7143          0.9037         21          3         30       3906
         0.5000          0.9500          0.5758          0.7170          0.5755          1         14         19       3926
         0.7500          0.0000          0.0000          0.0000          0.0000          0         33          0       3927



Hyper-Parameters: 
 - powers........................: (0.9400000000000001, 0.48, 0.49, 0.79, 1.47, 1.34, 1.8800000000000001, 0.93, 1.16, 1.33, 1.34, 0.62)
 - weights.......................: (1.25, 0.7000000000000001, 0.2, 0.7000000000000001, 0.5, 1.3, 0.4, 0.55, 1.5, 0.8500000000000001, 0.65, 0.35000000000000003)
Fold Wise AUPRC  [0.52, 1.00, 1.00, 1.00, 1.00]
AUC -   0.9994 		AUPRC -   0.9208 

      Threshold       Precision          Recall        F1-Score     Skill Score         FP         FN         TP         TN
         0.2050          0.8205          0.9697          0.8889          0.9679          7          1         32       3920
         0.1830          0.7674          1.0000          0.8684          0.9975         10          0         33       3917
         0.2500          0.8333          0.9091          0.8696          0.9076          6          3         30       3921
         0.5000          1.0000          0.3333          0.5000          0.3333          0         22         11       3927
         0.7500          0.0000          0.0000          0.0000          0.0000          0         33          0       3927



Hyper-Parameters: 
 - powers........................: (0.32, 0.67, 0.45, 0.5700000000000001, 1.67, 1.62, 1.22, 0.61, 0.5, 1.17, 0.77, 0.84)
 - weights.......................: (1.6, 0.8, 0.15000000000000002, 1.05, 0.2, 0.55, 0.5, 1.35, 1.3, 1.1500000000000001, 0.5, 1.0)
Fold Wise AUPRC  [0.91, 1.00, 1.00, 1.00, 1.00]
AUC -   0.9996 		AUPRC -   0.9544 

      Threshold       Precision          Recall        F1-Score     Skill Score         FP         FN         TP         TN
         0.4190          0.9333          0.8485          0.8889          0.8480          2          5         28       3925
         0.2160          0.7500          1.0000          0.8571          0.9972         11          0         33       3916
         0.2500          0.7381          0.9394          0.8267          0.9366         11          2         31       3916
         0.5000          0.9524          0.6061          0.7407          0.6058          1         13         20       3926
         0.7500          1.0000          0.0303          0.0588          0.0303          0         32          1       3927



Hyper-Parameters: 
 - powers........................: (0.84, 0.72, 0.66, 0.93, 0.7000000000000001, 1.87, 1.77, 0.75, 0.44, 1.94, 0.4, 0.42)
 - weights.......................: (0.8500000000000001, 1.05, 0.35000000000000003, 1.35, 1.75, 0.9, 0.1, 0.9500000000000001, 0.75, 1.05, 0.9500000000000001, 0.65)
Fold Wise AUPRC  [0.84, 1.00, 1.00, 1.00, 1.00]
AUC -   0.9995 		AUPRC -   0.9409 

      Threshold       Precision          Recall        F1-Score     Skill Score         FP         FN         TP         TN
         0.2490          0.8158          0.9394          0.8732          0.9376          7          2         31       3920
         0.2150          0.7500          1.0000          0.8571          0.9972         11          0         33       3916
         0.2500          0.8158          0.9394          0.8732          0.9376          7          2         31       3920
         0.5000          1.0000          0.4848          0.6531          0.4848          0         17         16       3927
         0.7500          0.0000          0.0000          0.0000          0.0000          0         33          0       3927



Hyper-Parameters: 
 - powers........................: (1.24, 0.33, 0.8300000000000001, 0.27, 1.1300000000000001, 1.86, 0.99, 0.56, 0.68, 1.47, 0.67, 0.88)
 - weights.......................: (1.0, 0.4, 0.7000000000000001, 0.75, 0.30000000000000004, 1.05, 0.45, 1.9000000000000001, 1.4500000000000002, 1.1500000000000001, 0.25, 0.8500000000000001)
Fold Wise AUPRC  [0.85, 1.00, 1.00, 1.00, 0.81]
AUC -   0.9992 		AUPRC -   0.9336 

      Threshold       Precision          Recall        F1-Score     Skill Score         FP         FN         TP         TN
         0.3920          0.8824          0.9091          0.8955          0.9081          4          3         30       3923
         0.1960          0.5077          1.0000          0.6735          0.9919         32          0         33       3895
         0.2500          0.7143          0.9091          0.8000          0.9060         12          3         30       3915
         0.5000          0.9565          0.6667          0.7857          0.6664          1         11         22       3926
         0.7500          1.0000          0.0303          0.0588          0.0303          0         32          1       3927



Hyper-Parameters: 
 - powers........................: (0.54, 1.76, 1.5, 0.48, 0.56, 0.49, 0.71, 0.47000000000000003, 1.33, 1.22, 1.09, 1.3800000000000001)
 - weights.......................: (0.5, 2.0, 1.1, 1.6, 0.9, 1.9500000000000002, 2.0, 0.75, 0.25, 0.65, 2.0, 1.7000000000000002)
Fold Wise AUPRC  [0.79, 1.00, 1.00, 1.00, 1.00]
AUC -   0.9994 		AUPRC -   0.9260 

      Threshold       Precision          Recall        F1-Score     Skill Score         FP         FN         TP         TN
         0.3660          0.7857          1.0000          0.8800          0.9977          9          0         33       3918
         0.3660          0.7857          1.0000          0.8800          0.9977          9          0         33       3918
         0.2500          0.6875          1.0000          0.8148          0.9962         15          0         33       3912
         0.5000          0.8529          0.8788          0.8657          0.8775          5          4         29       3922
         0.7500          0.9500          0.5758          0.7170          0.5755          1         14         19       3926



Hyper-Parameters: 
 - powers........................: (0.45, 0.78, 0.52, 1.67, 0.65, 1.25, 1.29, 0.53, 0.41000000000000003, 0.56, 0.84, 0.28)
 - weights.......................: (0.55, 1.7000000000000002, 0.1, 1.1500000000000001, 1.55, 0.05, 0.9, 1.05, 0.8500000000000001, 1.3, 1.6, 1.25)
Fold Wise AUPRC  [0.97, 1.00, 1.00, 1.00, 0.98]
AUC -   0.9998 		AUPRC -   0.9756 

      Threshold       Precision          Recall        F1-Score     Skill Score         FP         FN         TP         TN
         0.3410          0.8889          0.9697          0.9275          0.9687          4          1         32       3923
         0.2740          0.7674          1.0000          0.8684          0.9975         10          0         33       3917
         0.2500          0.7174          1.0000          0.8354          0.9967         13          0         33       3914
         0.5000          1.0000          0.7273          0.8421          0.7273          0          9         24       3927
         0.7500          1.0000          0.1212          0.2162          0.1212          0         29          4       3927



Hyper-Parameters: 
 - powers........................: (0.43, 0.42, 0.75, 0.72, 0.66, 1.43, 1.35, 0.53, 0.29, 0.56, 0.46, 0.96)
 - weights.......................: (0.6000000000000001, 0.6000000000000001, 0.1, 0.9500000000000001, 1.55, 0.1, 0.65, 1.1, 0.7000000000000001, 1.55, 1.6, 1.25)
Fold Wise AUPRC  [1.00, 1.00, 0.98, 1.00, 0.98]
AUC -   0.9998 		AUPRC -   0.9816 

      Threshold       Precision          Recall        F1-Score     Skill Score         FP         FN         TP         TN
         0.3070          0.9143          0.9697          0.9412          0.9689          3          1         32       3924
         0.2630          0.7500          1.0000          0.8571          0.9972         11          0         33       3916
         0.2500          0.7021          1.0000          0.8250          0.9964         14          0         33       3913
         0.5000          1.0000          0.7273          0.8421          0.7273          0          9         24       3927
         0.7500          0.0000          0.0000          0.0000          0.0000          0         33          0       3927



Hyper-Parameters: 
 - powers........................: (0.37, 0.55, 0.9, 1.87, 0.66, 1.25, 1.35, 0.67, 0.3, 0.42, 0.31, 1.1300000000000001)
 - weights.......................: (0.6000000000000001, 0.55, 0.55, 1.1, 1.55, 0.15000000000000002, 0.8500000000000001, 1.05, 0.45, 1.75, 1.6500000000000001, 1.25)
Fold Wise AUPRC  [1.00, 1.00, 0.98, 1.00, 0.98]
AUC -   0.9998 		AUPRC -   0.9808 

      Threshold       Precision          Recall        F1-Score     Skill Score         FP         FN         TP         TN
         0.3540          0.9118          0.9394          0.9254          0.9386          3          2         31       3924
         0.2990          0.7857          1.0000          0.8800          0.9977          9          0         33       3918
         0.2500          0.6735          1.0000          0.8049          0.9959         16          0         33       3911
         0.5000          1.0000          0.7576          0.8621          0.7576          0          8         25       3927
         0.7500          1.0000          0.1212          0.2162          0.1212          0         29          4       3927



Hyper-Parameters: 
 - powers........................: (0.27, 0.4, 0.88, 1.74, 0.65, 1.11, 1.3, 0.53, 0.25, 0.43, 0.31, 1.76)
 - weights.......................: (1.1, 0.55, 0.55, 1.1500000000000001, 1.6, 0.30000000000000004, 0.75, 0.55, 0.15000000000000002, 1.75, 1.6, 1.25)
Fold Wise AUPRC  [0.98, 1.00, 0.97, 1.00, 0.98]
AUC -   0.9998 		AUPRC -   0.9763 

      Threshold       Precision          Recall        F1-Score     Skill Score         FP         FN         TP         TN
         0.3640          0.9375          0.9091          0.9231          0.9086          2          3         30       3925
         0.2810          0.7674          1.0000          0.8684          0.9975         10          0         33       3917
         0.2500          0.7174          1.0000          0.8354          0.9967         13          0         33       3914
         0.5000          1.0000          0.6061          0.7547          0.6061          0         13         20       3927
         0.7500          1.0000          0.0606          0.1143          0.0606          0         31          2       3927



Hyper-Parameters: 
 - powers........................: (0.39, 0.46, 1.04, 1.86, 0.59, 1.48, 1.2, 0.67, 0.3, 0.47000000000000003, 0.25, 0.96)
 - weights.......................: (0.6000000000000001, 0.30000000000000004, 0.65, 1.5, 1.4500000000000002, 0.05, 0.9, 0.7000000000000001, 0.45, 1.6500000000000001, 1.85, 1.4000000000000001)
Fold Wise AUPRC  [1.00, 1.00, 1.00, 1.00, 0.98]
AUC -   0.9999 		AUPRC -   0.9847 

      Threshold       Precision          Recall        F1-Score     Skill Score         FP         FN         TP         TN
         0.3670          0.9118          0.9394          0.9254          0.9386          3          2         31       3924
         0.3050          0.7857          1.0000          0.8800          0.9977          9          0         33       3918
         0.2500          0.7021          1.0000          0.8250          0.9964         14          0         33       3913
         0.5000          1.0000          0.7576          0.8621          0.7576          0          8         25       3927
         0.7500          1.0000          0.1212          0.2162          0.1212          0         29          4       3927



Best Parameters...
 - modelwt10.....................: 1.6
 - modelwt11.....................: 1.25
 - modelwt6......................: 0.65
 - modelwt7......................: 1.1
 - modelwt4......................: 1.55
 - modelwt5......................: 0.1
 - modelwt2......................: 0.1
 - modelwt3......................: 0.95
 - modelwt0......................: 0.6
 - modelwt1......................: 0.6
 - modelpow10....................: 0.46
 - modelpow11....................: 0.96
 - modelwt8......................: 0.7
 - modelwt9......................: 1.55
 - z_score.......................: 0.941176470588
 - modelpow4.....................: 0.66
 - modelpow5.....................: 1.43
 - modelpow6.....................: 1.35
 - modelpow7.....................: 0.53
 - modelpow0.....................: 0.43
 - modelpow1.....................: 0.42
 - modelpow2.....................: 0.75
 - modelpow3.....................: 0.72
 - modelpow8.....................: 0.29
 - modelpow9.....................: 0.56
