

Hyper-Parameters: 
 - powers........................: (0.3, 0.88, 1.44, 0.29, 0.29, 0.34, 0.65, 1.44, 1.82, 0.32, 0.53, 0.3)
 - weights.......................: (1.05, 1.05, 1.6500000000000001, 0.5, 1.75, 0.6000000000000001, 0.05, 0.9, 0.1, 1.25, 1.6500000000000001, 1.6)
Fold Wise AUPRC  [0.96, 1.00, 0.94, 1.00, 0.96]
AUC -   0.9995 		AUPRC -   0.9462 

      Threshold       Precision          Recall        F1-Score     Skill Score         FP         FN         TP         TN
         0.2580          0.8158          0.9394          0.8732          0.9376          7          2         31       3920
         0.1500          0.6226          1.0000          0.7674          0.9949         20          0         33       3907
         0.2500          0.7209          0.9394          0.8158          0.9363         12          2         31       3915
         0.5000          1.0000          0.5758          0.7308          0.5758          0         14         19       3927
         0.7500          1.0000          0.0909          0.1667          0.0909          0         30          3       3927



Hyper-Parameters: 
 - powers........................: (1.61, 1.97, 2.0, 1.0, 0.73, 0.42, 0.72, 0.49, 1.1500000000000001, 0.45, 0.9500000000000001, 1.3)
 - weights.......................: (0.8500000000000001, 1.1, 0.4, 0.25, 0.8, 0.35000000000000003, 1.6500000000000001, 1.1, 1.55, 0.25, 1.5, 0.1)
Fold Wise AUPRC  [0.94, 1.00, 1.00, 1.00, 0.78]
AUC -   0.9993 		AUPRC -   0.9503 

      Threshold       Precision          Recall        F1-Score     Skill Score         FP         FN         TP         TN
         0.3400          0.8857          0.9394          0.9118          0.9384          4          2         31       3923
         0.1960          0.4853          1.0000          0.6535          0.9911         35          0         33       3892
         0.2500          0.5849          0.9394          0.7209          0.9338         22          2         31       3905
         0.5000          0.9600          0.7273          0.8276          0.7270          1          9         24       3926
         0.7500          0.0000          0.0000          0.0000          0.0000          0         33          0       3927



Hyper-Parameters: 
 - powers........................: (1.95, 1.17, 0.68, 0.92, 0.65, 0.99, 0.35000000000000003, 0.84, 0.84, 0.48, 0.28, 1.69)
 - weights.......................: (1.1500000000000001, 1.25, 1.5, 1.05, 1.4500000000000002, 1.75, 0.35000000000000003, 0.7000000000000001, 0.45, 1.6, 2.0, 0.8)
Fold Wise AUPRC  [0.77, 1.00, 0.95, 1.00, 0.98]
AUC -   0.9993 		AUPRC -   0.9244 

      Threshold       Precision          Recall        F1-Score     Skill Score         FP         FN         TP         TN
         0.3410          0.8378          0.9394          0.8857          0.9379          6          2         31       3921
         0.2380          0.7021          1.0000          0.8250          0.9964         14          0         33       3913
         0.2500          0.7111          0.9697          0.8205          0.9664         13          1         32       3914
         0.5000          0.8333          0.7576          0.7937          0.7563          5          8         25       3922
         0.7500          1.0000          0.3333          0.5000          0.3333          0         22         11       3927



Hyper-Parameters: 
 - powers........................: (1.25, 0.56, 0.4, 1.19, 0.68, 0.35000000000000003, 1.53, 1.97, 0.6900000000000001, 0.63, 0.72, 1.78)
 - weights.......................: (1.85, 0.1, 1.1, 0.8, 0.9500000000000001, 0.8, 1.85, 1.85, 0.9500000000000001, 0.30000000000000004, 1.5, 0.1)
Fold Wise AUPRC  [0.81, 1.00, 1.00, 1.00, 0.79]
AUC -   0.9992 		AUPRC -   0.9287 

      Threshold       Precision          Recall        F1-Score     Skill Score         FP         FN         TP         TN
         0.4620          0.8571          0.9091          0.8824          0.9078          5          3         30       3922
         0.2230          0.4783          1.0000          0.6471          0.9908         36          0         33       3891
         0.2500          0.4706          0.9697          0.6337          0.9605         36          1         32       3891
         0.5000          0.8529          0.8788          0.8657          0.8775          5          4         29       3922
         0.7500          1.0000          0.3636          0.5333          0.3636          0         21         12       3927



Hyper-Parameters: 
 - powers........................: (0.32, 0.4, 1.23, 0.38, 1.21, 1.12, 0.29, 0.5700000000000001, 1.16, 0.6, 1.41, 0.84)
 - weights.......................: (0.8, 1.05, 0.9, 1.2000000000000002, 1.55, 1.35, 0.2, 0.25, 0.9, 0.65, 1.75, 0.45)
Fold Wise AUPRC  [0.78, 1.00, 1.00, 1.00, 0.98]
AUC -   0.9994 		AUPRC -   0.9289 

      Threshold       Precision          Recall        F1-Score     Skill Score         FP         FN         TP         TN
         0.2610          0.8205          0.9697          0.8889          0.9679          7          1         32       3920
         0.1720          0.6875          1.0000          0.8148          0.9962         15          0         33       3912
         0.2500          0.8000          0.9697          0.8767          0.9677          8          1         32       3919
         0.5000          1.0000          0.5758          0.7308          0.5758          0         14         19       3927
         0.7500          0.0000          0.0000          0.0000          0.0000          0         33          0       3927



Hyper-Parameters: 
 - powers........................: (1.06, 0.32, 0.31, 1.28, 0.42, 1.1300000000000001, 0.8200000000000001, 1.16, 1.6600000000000001, 0.53, 0.41000000000000003, 1.79)
 - weights.......................: (1.1500000000000001, 1.8, 0.30000000000000004, 0.35000000000000003, 1.25, 1.9000000000000001, 1.85, 1.25, 1.2000000000000002, 0.65, 1.25, 1.1500000000000001)
Fold Wise AUPRC  [0.65, 1.00, 1.00, 1.00, 0.80]
AUC -   0.9991 		AUPRC -   0.9069 

      Threshold       Precision          Recall        F1-Score     Skill Score         FP         FN         TP         TN
         0.3940          0.8571          0.9091          0.8824          0.9078          5          3         30       3922
         0.1990          0.4714          1.0000          0.6408          0.9906         37          0         33       3890
         0.2500          0.5536          0.9394          0.6966          0.9330         25          2         31       3902
         0.5000          0.8667          0.7879          0.8254          0.7869          4          7         26       3923
         0.7500          1.0000          0.2727          0.4286          0.2727          0         24          9       3927



Hyper-Parameters: 
 - powers........................: (0.79, 0.44, 0.45, 1.79, 0.53, 0.35000000000000003, 1.28, 1.23, 0.49, 0.34, 1.45, 0.4)
 - weights.......................: (1.55, 1.75, 0.15000000000000002, 1.9000000000000001, 1.85, 0.5, 1.0, 0.9, 1.9000000000000001, 0.6000000000000001, 1.75, 0.8)
Fold Wise AUPRC  [0.89, 1.00, 1.00, 1.00, 1.00]
AUC -   0.9996 		AUPRC -   0.9533 

      Threshold       Precision          Recall        F1-Score     Skill Score         FP         FN         TP         TN
         0.3790          0.8378          0.9394          0.8857          0.9379          6          2         31       3921
         0.2780          0.7857          1.0000          0.8800          0.9977          9          0         33       3918
         0.2500          0.7500          1.0000          0.8571          0.9972         11          0         33       3916
         0.5000          0.8710          0.8182          0.8438          0.8172          4          6         27       3923
         0.7500          1.0000          0.3636          0.5333          0.3636          0         21         12       3927



Hyper-Parameters: 
 - powers........................: (1.36, 0.31, 1.05, 0.37, 0.52, 0.27, 0.5, 0.68, 0.4, 1.12, 0.72, 1.62)
 - weights.......................: (0.0, 1.9000000000000001, 1.4500000000000002, 1.1500000000000001, 1.85, 0.05, 1.6500000000000001, 1.85, 1.75, 1.1, 0.45, 1.1500000000000001)
Fold Wise AUPRC  [0.96, 1.00, 1.00, 1.00, 0.86]
AUC -   0.9993 		AUPRC -   0.9340 

      Threshold       Precision          Recall        F1-Score     Skill Score         FP         FN         TP         TN
         0.4570          0.8824          0.9091          0.8955          0.9081          4          3         30       3923
         0.2280          0.5000          1.0000          0.6667          0.9916         33          0         33       3894
         0.2500          0.5246          0.9697          0.6809          0.9623         29          1         32       3898
         0.5000          0.8788          0.8788          0.8788          0.8778          4          4         29       3923
         0.7500          1.0000          0.3939          0.5652          0.3939          0         20         13       3927



Hyper-Parameters: 
 - powers........................: (0.9400000000000001, 0.28, 1.84, 0.42, 0.86, 0.42, 1.78, 0.5, 0.3, 1.02, 1.48, 0.41000000000000003)
 - weights.......................: (0.8, 0.8, 0.2, 0.35000000000000003, 0.6000000000000001, 0.7000000000000001, 0.9500000000000001, 0.25, 1.5, 0.05, 0.2, 0.5)
Fold Wise AUPRC  [0.53, 1.00, 1.00, 1.00, 0.88]
AUC -   0.9990 		AUPRC -   0.8976 

      Threshold       Precision          Recall        F1-Score     Skill Score         FP         FN         TP         TN
         0.2200          0.8333          0.9091          0.8696          0.9076          6          3         30       3921
         0.0920          0.4074          1.0000          0.5789          0.9878         48          0         33       3879
         0.2500          0.8485          0.8485          0.8485          0.8472          5          5         28       3922
         0.5000          0.0000          0.0000          0.0000          0.0000          0         33          0       3927
         0.7500          0.0000          0.0000          0.0000          0.0000          0         33          0       3927



Hyper-Parameters: 
 - powers........................: (0.96, 0.44, 1.1, 0.76, 0.89, 0.47000000000000003, 1.11, 1.02, 0.52, 0.51, 1.85, 1.95)
 - weights.......................: (1.0, 0.4, 1.85, 0.5, 0.9500000000000001, 1.85, 1.6500000000000001, 0.2, 0.9, 0.65, 0.9, 0.65)
Fold Wise AUPRC  [0.52, 1.00, 1.00, 1.00, 0.95]
AUC -   0.9991 		AUPRC -   0.8934 

      Threshold       Precision          Recall        F1-Score     Skill Score         FP         FN         TP         TN
         0.2760          0.7750          0.9394          0.8493          0.9371          9          2         31       3918
         0.1950          0.7021          1.0000          0.8250          0.9964         14          0         33       3913
         0.2500          0.7273          0.9697          0.8312          0.9666         12          1         32       3915
         0.5000          0.8261          0.5758          0.6786          0.5747          4         14         19       3923
         0.7500          1.0000          0.1212          0.2162          0.1212          0         29          4       3927



Hyper-Parameters: 
 - powers........................: (1.36, 1.28, 1.45, 0.29, 0.8200000000000001, 1.59, 0.62, 1.2, 0.5700000000000001, 0.26, 0.6, 0.52)
 - weights.......................: (0.5, 1.5, 0.4, 2.0, 1.25, 1.3, 1.4500000000000002, 1.1500000000000001, 1.1500000000000001, 0.1, 1.4500000000000002, 0.35000000000000003)
Fold Wise AUPRC  [0.67, 1.00, 1.00, 1.00, 1.00]
AUC -   0.9994 		AUPRC -   0.9254 

      Threshold       Precision          Recall        F1-Score     Skill Score         FP         FN         TP         TN
         0.2930          0.7857          1.0000          0.8800          0.9977          9          0         33       3918
         0.2930          0.7857          1.0000          0.8800          0.9977          9          0         33       3918
         0.2500          0.7174          1.0000          0.8354          0.9967         13          0         33       3914
         0.5000          0.8710          0.8182          0.8438          0.8172          4          6         27       3923
         0.7500          1.0000          0.3939          0.5652          0.3939          0         20         13       3927



Hyper-Parameters: 
 - powers........................: (1.8, 0.39, 0.54, 0.36, 0.5, 0.91, 1.94, 0.64, 1.03, 1.52, 0.37, 1.8)
 - weights.......................: (0.55, 0.55, 0.15000000000000002, 0.65, 1.2000000000000002, 0.9, 1.6500000000000001, 1.4000000000000001, 1.35, 1.85, 0.15000000000000002, 1.75)
Fold Wise AUPRC  [1.00, 1.00, 1.00, 1.00, 0.90]
AUC -   0.9995 		AUPRC -   0.9607 

      Threshold       Precision          Recall        F1-Score     Skill Score         FP         FN         TP         TN
         0.3670          0.8611          0.9394          0.8986          0.9381          5          2         31       3922
         0.1930          0.5000          1.0000          0.6667          0.9916         33          0         33       3894
         0.2500          0.5818          0.9697          0.7273          0.9638         23          1         32       3904
         0.5000          0.9630          0.7879          0.8667          0.7876          1          7         26       3926
         0.7500          1.0000          0.1212          0.2162          0.1212          0         29          4       3927



Hyper-Parameters: 
 - powers........................: (0.38, 0.26, 0.84, 0.58, 0.64, 1.3900000000000001, 0.66, 1.21, 1.62, 0.79, 1.8800000000000001, 1.61)
 - weights.......................: (1.05, 0.15000000000000002, 1.9000000000000001, 1.55, 0.25, 0.0, 0.2, 0.45, 0.45, 1.05, 1.7000000000000002, 1.9000000000000001)
Fold Wise AUPRC  [0.98, 1.00, 1.00, 1.00, 1.00]
AUC -   0.9996 		AUPRC -   0.9558 

      Threshold       Precision          Recall        F1-Score     Skill Score         FP         FN         TP         TN
         0.2460          0.7674          1.0000          0.8684          0.9975         10          0         33       3917
         0.2460          0.7674          1.0000          0.8684          0.9975         10          0         33       3917
         0.2500          0.7805          0.9697          0.8649          0.9674          9          1         32       3918
         0.5000          1.0000          0.6364          0.7778          0.6364          0         12         21       3927
         0.7500          1.0000          0.0909          0.1667          0.0909          0         30          3       3927



Hyper-Parameters: 
 - powers........................: (0.92, 0.28, 0.58, 0.33, 0.27, 0.61, 1.19, 0.6900000000000001, 1.61, 1.81, 0.8, 1.41)
 - weights.......................: (0.30000000000000004, 1.6, 2.0, 1.85, 0.7000000000000001, 0.55, 1.9500000000000002, 0.0, 1.1, 0.6000000000000001, 1.25, 1.25)
Fold Wise AUPRC  [0.82, 1.00, 1.00, 1.00, 1.00]
AUC -   0.9993 		AUPRC -   0.9241 

      Threshold       Precision          Recall        F1-Score     Skill Score         FP         FN         TP         TN
         0.3810          0.7949          0.9394          0.8611          0.9374          8          2         31       3919
         0.3190          0.7500          1.0000          0.8571          0.9972         11          0         33       3916
         0.2500          0.7021          1.0000          0.8250          0.9964         14          0         33       3913
         0.5000          0.7879          0.7879          0.7879          0.7861          7          7         26       3920
         0.7500          0.9474          0.5455          0.6923          0.5452          1         15         18       3926



Hyper-Parameters: 
 - powers........................: (1.02, 0.28, 1.84, 0.28, 1.95, 0.65, 0.55, 0.58, 0.54, 0.6, 0.35000000000000003, 0.59)
 - weights.......................: (1.5, 0.35000000000000003, 0.15000000000000002, 1.4500000000000002, 1.2000000000000002, 1.4500000000000002, 0.25, 1.1, 0.7000000000000001, 1.1500000000000001, 0.2, 1.6500000000000001)
Fold Wise AUPRC  [0.63, 1.00, 1.00, 1.00, 1.00]
AUC -   0.9993 		AUPRC -   0.9111 

      Threshold       Precision          Recall        F1-Score     Skill Score         FP         FN         TP         TN
         0.3020          0.8333          0.9091          0.8696          0.9076          6          3         30       3921
         0.1780          0.7500          1.0000          0.8571          0.9972         11          0         33       3916
         0.2500          0.7692          0.9091          0.8333          0.9068          9          3         30       3918
         0.5000          0.9333          0.4242          0.5833          0.4240          1         19         14       3926
         0.7500          1.0000          0.0303          0.0588          0.0303          0         32          1       3927



Hyper-Parameters: 
 - powers........................: (1.78, 1.47, 0.99, 0.26, 0.97, 0.51, 0.29, 0.43, 1.23, 0.72, 0.36, 0.33)
 - weights.......................: (0.7000000000000001, 0.7000000000000001, 0.7000000000000001, 1.3, 1.5, 1.8, 0.8, 0.55, 0.55, 1.6, 0.15000000000000002, 1.3)
Fold Wise AUPRC  [0.65, 1.00, 1.00, 1.00, 1.00]
AUC -   0.9992 		AUPRC -   0.8968 

      Threshold       Precision          Recall        F1-Score     Skill Score         FP         FN         TP         TN
         0.2630          0.8000          0.9697          0.8767          0.9677          8          1         32       3919
         0.2250          0.7674          1.0000          0.8684          0.9975         10          0         33       3917
         0.2500          0.7619          0.9697          0.8533          0.9672         10          1         32       3917
         0.5000          0.8333          0.4545          0.5882          0.4538          3         18         15       3924
         0.7500          1.0000          0.0606          0.1143          0.0606          0         31          2       3927



Hyper-Parameters: 
 - powers........................: (0.84, 0.59, 1.03, 0.3, 1.6300000000000001, 0.61, 0.36, 0.36, 0.98, 0.33, 1.62, 0.48)
 - weights.......................: (1.8, 1.75, 1.3, 1.85, 1.5, 1.8, 1.6, 0.0, 0.4, 1.85, 0.9, 1.75)
Fold Wise AUPRC  [0.48, 1.00, 1.00, 1.00, 0.98]
AUC -   0.9992 		AUPRC -   0.8820 

      Threshold       Precision          Recall        F1-Score     Skill Score         FP         FN         TP         TN
         0.3360          0.7857          1.0000          0.8800          0.9977          9          0         33       3918
         0.3360          0.7857          1.0000          0.8800          0.9977          9          0         33       3918
         0.2500          0.7021          1.0000          0.8250          0.9964         14          0         33       3913
         0.5000          0.8333          0.7576          0.7937          0.7563          5          8         25       3922
         0.7500          0.8235          0.4242          0.5600          0.4235          3         19         14       3924



Hyper-Parameters: 
 - powers........................: (0.96, 0.6, 0.5700000000000001, 0.32, 0.56, 0.86, 0.42, 0.31, 0.79, 1.01, 0.63, 0.66)
 - weights.......................: (0.4, 1.0, 0.8, 1.35, 0.9, 1.8, 1.55, 0.7000000000000001, 0.4, 0.6000000000000001, 0.8, 0.15000000000000002)
Fold Wise AUPRC  [0.51, 1.00, 1.00, 1.00, 0.98]
AUC -   0.9992 		AUPRC -   0.8885 

      Threshold       Precision          Recall        F1-Score     Skill Score         FP         FN         TP         TN
         0.2940          0.7805          0.9697          0.8649          0.9674          9          1         32       3918
         0.2260          0.7333          1.0000          0.8462          0.9969         12          0         33       3915
         0.2500          0.7333          1.0000          0.8462          0.9969         12          0         33       3915
         0.5000          0.8333          0.6061          0.7018          0.6050          4         13         20       3923
         0.7500          1.0000          0.0303          0.0588          0.0303          0         32          1       3927



Hyper-Parameters: 
 - powers........................: (0.73, 0.32, 0.87, 0.81, 1.6, 1.87, 1.5, 0.55, 1.92, 0.38, 0.65, 1.54)
 - weights.......................: (0.30000000000000004, 1.5, 1.4000000000000001, 0.25, 0.1, 1.1, 0.25, 1.9500000000000002, 1.35, 2.0, 0.9, 1.05)
Fold Wise AUPRC  [0.97, 1.00, 0.98, 1.00, 0.91]
AUC -   0.9993 		AUPRC -   0.9424 

      Threshold       Precision          Recall        F1-Score     Skill Score         FP         FN         TP         TN
         0.4610          0.9310          0.8182          0.8710          0.8177          2          6         27       3925
         0.2040          0.5156          1.0000          0.6804          0.9921         31          0         33       3896
         0.2500          0.6596          0.9394          0.7750          0.9353         16          2         31       3911
         0.5000          0.9286          0.7879          0.8525          0.7874          2          7         26       3925
         0.7500          1.0000          0.3030          0.4651          0.3030          0         23         10       3927



Hyper-Parameters: 
 - powers........................: (0.92, 1.11, 1.8900000000000001, 0.63, 0.31, 1.76, 0.48, 0.6, 0.67, 0.29, 0.3, 0.45)
 - weights.......................: (1.05, 0.9500000000000001, 0.75, 0.4, 0.35000000000000003, 1.7000000000000002, 0.15000000000000002, 0.6000000000000001, 1.6, 1.75, 1.35, 0.75)
Fold Wise AUPRC  [0.86, 1.00, 0.95, 1.00, 0.98]
AUC -   0.9995 		AUPRC -   0.9447 

      Threshold       Precision          Recall        F1-Score     Skill Score         FP         FN         TP         TN
         0.2770          0.8333          0.9091          0.8696          0.9076          6          3         30       3921
         0.1840          0.7021          1.0000          0.8250          0.9964         14          0         33       3913
         0.2500          0.7442          0.9697          0.8421          0.9669         11          1         32       3916
         0.5000          1.0000          0.6061          0.7547          0.6061          0         13         20       3927
         0.7500          1.0000          0.1212          0.2162          0.1212          0         29          4       3927



Best Parameters...
 - modelwt10.....................: 1.5
 - modelwt11.....................: 0.1
 - modelwt6......................: 1.65
 - modelwt7......................: 1.1
 - modelwt4......................: 0.8
 - modelwt5......................: 0.35
 - modelwt2......................: 0.4
 - modelwt3......................: 0.25
 - modelwt0......................: 0.85
 - modelwt1......................: 1.1
 - modelpow10....................: 0.95
 - modelpow11....................: 1.3
 - modelwt8......................: 1.55
 - modelwt9......................: 0.25
 - z_score.......................: 0.911764705882
 - modelpow4.....................: 0.73
 - modelpow5.....................: 0.42
 - modelpow6.....................: 0.72
 - modelpow7.....................: 0.49
 - modelpow0.....................: 1.61
 - modelpow1.....................: 1.97
 - modelpow2.....................: 2.0
 - modelpow3.....................: 1.0
 - modelpow8.....................: 1.15
 - modelpow9.....................: 0.45
