

Hyper-Parameters: 
 - weights.......................: (1.75, 1.1500000000000001, 0.0, 0.6000000000000001, 1.9500000000000002)
Fold Wise AUPRC  [0.95, 1.00, 0.94, 0.92, 0.98]
AUC -   0.9995 		AUPRC -   0.9551 

      Threshold       Precision          Recall        F1-Score     Skill Score         FP         FN         TP         TN
         0.7190          1.0000          0.7879          0.8814          0.7879          0          7         26       3927
         0.4130          0.6226          1.0000          0.7674          0.9949         20          0         33       3907
         0.2500          0.1200          1.0000          0.2143          0.9384        242          0         33       3685
         0.5000          0.7692          0.9091          0.8333          0.9068          9          3         30       3918
         0.7500          1.0000          0.7273          0.8421          0.7273          0          9         24       3927



Hyper-Parameters: 
 - weights.......................: (0.45, 0.9, 0.30000000000000004, 0.1, 1.7000000000000002)
Fold Wise AUPRC  [0.82, 0.98, 0.93, 0.98, 0.92]
AUC -   0.9972 		AUPRC -   0.9183 

      Threshold       Precision          Recall        F1-Score     Skill Score         FP         FN         TP         TN
         0.4160          0.8750          0.8485          0.8615          0.8475          4          5         28       3923
         0.2470          0.1658          1.0000          0.2845          0.9577        166          0         33       3761
         0.2500          0.1590          0.9394          0.2719          0.8976        164          2         31       3763
         0.5000          0.9600          0.7273          0.8276          0.7270          1          9         24       3926
         0.7500          0.0000          0.0000          0.0000          0.0000          0         33          0       3927



Hyper-Parameters: 
 - weights.......................: (1.6, 1.35, 1.6500000000000001, 0.25, 1.35)
Fold Wise AUPRC  [0.74, 1.00, 0.96, 0.98, 0.95]
AUC -   0.9994 		AUPRC -   0.9296 

      Threshold       Precision          Recall        F1-Score     Skill Score         FP         FN         TP         TN
         0.4570          0.7674          1.0000          0.8684          0.9975         10          0         33       3917
         0.4570          0.7674          1.0000          0.8684          0.9975         10          0         33       3917
         0.2500          0.1784          1.0000          0.3028          0.9613        152          0         33       3775
         0.5000          0.7500          0.9091          0.8219          0.9065         10          3         30       3917
         0.7500          0.9200          0.6970          0.7931          0.6965          2         10         23       3925



Hyper-Parameters: 
 - weights.......................: (0.55, 0.9500000000000001, 0.25, 1.4000000000000001, 0.0)
Fold Wise AUPRC  [0.88, 0.87, 0.73, 0.84, 0.87]
AUC -   0.9941 		AUPRC -   0.8045 

      Threshold       Precision          Recall        F1-Score     Skill Score         FP         FN         TP         TN
         0.2250          0.8710          0.8182          0.8438          0.8172          4          6         27       3923
         0.0830          0.1579          1.0000          0.2727          0.9552        176          0         33       3751
         0.2500          0.8621          0.7576          0.8065          0.7566          4          8         25       3923
         0.5000          0.0000          0.0000          0.0000          0.0000          0         33          0       3927
         0.7500          0.0000          0.0000          0.0000          0.0000          0         33          0       3927



Hyper-Parameters: 
 - weights.......................: (0.9500000000000001, 1.9500000000000002, 0.4, 1.9000000000000001, 1.75)
Fold Wise AUPRC  [0.87, 0.97, 0.86, 0.96, 0.98]
AUC -   0.9993 		AUPRC -   0.9323 

      Threshold       Precision          Recall        F1-Score     Skill Score         FP         FN         TP         TN
         0.6620          0.9615          0.7576          0.8475          0.7573          1          8         25       3926
         0.4640          0.6600          1.0000          0.7952          0.9957         17          0         33       3910
         0.2500          0.1061          1.0000          0.1919          0.9292        278          0         33       3649
         0.5000          0.6957          0.9697          0.8101          0.9661         14          1         32       3913
         0.7500          0.9600          0.7273          0.8276          0.7270          1          9         24       3926



Hyper-Parameters: 
 - weights.......................: (0.55, 0.8, 0.0, 0.65, 1.3)
Fold Wise AUPRC  [0.87, 1.00, 0.97, 0.98, 0.98]
AUC -   0.9986 		AUPRC -   0.9317 

      Threshold       Precision          Recall        F1-Score     Skill Score         FP         FN         TP         TN
         0.3620          0.9032          0.8485          0.8750          0.8477          3          5         28       3924
         0.2330          0.2640          1.0000          0.4177          0.9766         92          0         33       3835
         0.2500          0.3368          0.9697          0.5000          0.9537         63          1         32       3864
         0.5000          1.0000          0.5455          0.7059          0.5455          0         15         18       3927
         0.7500          0.0000          0.0000          0.0000          0.0000          0         33          0       3927



Hyper-Parameters: 
 - weights.......................: (1.9500000000000002, 1.1, 0.65, 0.4, 1.6)
Fold Wise AUPRC  [0.88, 1.00, 0.96, 0.93, 0.95]
AUC -   0.9995 		AUPRC -   0.9449 

      Threshold       Precision          Recall        F1-Score     Skill Score         FP         FN         TP         TN
         0.4580          0.7805          0.9697          0.8649          0.9674          9          1         32       3918
         0.4100          0.6600          1.0000          0.7952          0.9957         17          0         33       3910
         0.2500          0.1454          1.0000          0.2538          0.9506        194          0         33       3733
         0.5000          0.7750          0.9394          0.8493          0.9371          9          2         31       3918
         0.7500          0.9231          0.7273          0.8136          0.7268          2          9         24       3925



Hyper-Parameters: 
 - weights.......................: (0.30000000000000004, 0.75, 1.6, 0.0, 0.9500000000000001)
Fold Wise AUPRC  [0.40, 1.00, 0.98, 1.00, 0.98]
AUC -   0.9988 		AUPRC -   0.8455 

      Threshold       Precision          Recall        F1-Score     Skill Score         FP         FN         TP         TN
         0.2990          0.8529          0.8788          0.8657          0.8775          5          4         29       3922
         0.1960          0.4783          1.0000          0.6471          0.9908         36          0         33       3891
         0.2500          0.7561          0.9394          0.8378          0.9368         10          2         31       3917
         0.5000          0.7857          0.3333          0.4681          0.3326          3         22         11       3924
         0.7500          0.0000          0.0000          0.0000          0.0000          0         33          0       3927



Hyper-Parameters: 
 - weights.......................: (0.8500000000000001, 1.35, 0.45, 1.25, 1.2000000000000002)
Fold Wise AUPRC  [0.87, 0.98, 0.90, 0.98, 0.98]
AUC -   0.9994 		AUPRC -   0.9420 

      Threshold       Precision          Recall        F1-Score     Skill Score         FP         FN         TP         TN
         0.5190          0.9615          0.7576          0.8475          0.7573          1          8         25       3926
         0.3350          0.6735          1.0000          0.8049          0.9959         16          0         33       3911
         0.2500          0.3028          1.0000          0.4648          0.9806         76          0         33       3851
         0.5000          0.8929          0.7576          0.8197          0.7568          3          8         25       3924
         0.7500          1.0000          0.2121          0.3500          0.2121          0         26          7       3927



Hyper-Parameters: 
 - weights.......................: (1.4500000000000002, 1.05, 0.2, 0.7000000000000001, 1.9500000000000002)
Fold Wise AUPRC  [0.87, 1.00, 0.98, 0.96, 0.98]
AUC -   0.9994 		AUPRC -   0.9481 

      Threshold       Precision          Recall        F1-Score     Skill Score         FP         FN         TP         TN
         0.5070          0.8788          0.8788          0.8788          0.8778          4          4         29       3923
         0.3940          0.5323          1.0000          0.6947          0.9926         29          0         33       3898
         0.2500          0.1241          1.0000          0.2207          0.9407        233          0         33       3694
         0.5000          0.8333          0.9091          0.8696          0.9076          6          3         30       3921
         0.7500          1.0000          0.6970          0.8214          0.6970          0         10         23       3927



Hyper-Parameters: 
 - weights.......................: (0.55, 0.65, 0.8, 1.6500000000000001, 0.15000000000000002)
Fold Wise AUPRC  [0.50, 0.98, 0.96, 0.98, 0.95]
AUC -   0.9991 		AUPRC -   0.8886 

      Threshold       Precision          Recall        F1-Score     Skill Score         FP         FN         TP         TN
         0.1590          0.7273          0.9697          0.8312          0.9666         12          1         32       3915
         0.1420          0.6600          1.0000          0.7952          0.9957         17          0         33       3910
         0.2500          0.8519          0.6970          0.7667          0.6960          4         10         23       3923
         0.5000          0.0000          0.0000          0.0000          0.0000          0         33          0       3927
         0.7500          0.0000          0.0000          0.0000          0.0000          0         33          0       3927



Hyper-Parameters: 
 - weights.......................: (0.30000000000000004, 0.55, 0.1, 0.45, 0.8500000000000001)
Fold Wise AUPRC  [0.82, 0.98, 0.93, 0.98, 0.98]
AUC -   0.9983 		AUPRC -   0.9242 

      Threshold       Precision          Recall        F1-Score     Skill Score         FP         FN         TP         TN
         0.2280          0.8750          0.8485          0.8615          0.8475          4          5         28       3923
         0.1520          0.2558          1.0000          0.4074          0.9756         96          0         33       3831
         0.2500          0.9259          0.7576          0.8333          0.7571          2          8         25       3925
         0.5000          0.0000          0.0000          0.0000          0.0000          0         33          0       3927
         0.7500          0.0000          0.0000          0.0000          0.0000          0         33          0       3927



Hyper-Parameters: 
 - weights.......................: (1.05, 0.25, 1.2000000000000002, 0.25, 1.55)
Fold Wise AUPRC  [0.52, 1.00, 1.00, 1.00, 0.87]
AUC -   0.9969 		AUPRC -   0.8556 

      Threshold       Precision          Recall        F1-Score     Skill Score         FP         FN         TP         TN
         0.3690          0.8378          0.9394          0.8857          0.9379          6          2         31       3921
         0.1950          0.1294          1.0000          0.2292          0.9435        222          0         33       3705
         0.2500          0.1939          0.9697          0.3232          0.9358        133          1         32       3794
         0.5000          0.8125          0.7879          0.8000          0.7864          6          7         26       3921
         0.7500          1.0000          0.1212          0.2162          0.1212          0         29          4       3927



Hyper-Parameters: 
 - weights.......................: (1.6, 0.25, 1.1500000000000001, 0.25, 1.5)
Fold Wise AUPRC  [0.57, 1.00, 1.00, 1.00, 0.87]
AUC -   0.9984 		AUPRC -   0.8857 

      Threshold       Precision          Recall        F1-Score     Skill Score         FP         FN         TP         TN
         0.3740          0.8158          0.9394          0.8732          0.9376          7          2         31       3920
         0.3610          0.7805          0.9697          0.8649          0.9674          9          1         32       3918
         0.2500          0.1813          1.0000          0.3070          0.9621        149          0         33       3778
         0.5000          0.8182          0.8182          0.8182          0.8167          6          6         27       3921
         0.7500          0.8571          0.3636          0.5106          0.3631          2         21         12       3925



Hyper-Parameters: 
 - weights.......................: (1.05, 1.25, 0.9, 0.0, 1.8)
Fold Wise AUPRC  [0.83, 1.00, 1.00, 1.00, 0.98]
AUC -   0.9995 		AUPRC -   0.9458 

      Threshold       Precision          Recall        F1-Score     Skill Score         FP         FN         TP         TN
         0.5550          0.9032          0.8485          0.8750          0.8477          3          5         28       3924
         0.3930          0.6600          1.0000          0.7952          0.9957         17          0         33       3910
         0.2500          0.1447          1.0000          0.2529          0.9503        195          0         33       3732
         0.5000          0.8056          0.8788          0.8406          0.8770          7          4         29       3920
         0.7500          1.0000          0.6970          0.8214          0.6970          0         10         23       3927



Hyper-Parameters: 
 - weights.......................: (0.65, 0.55, 0.7000000000000001, 0.5, 1.6500000000000001)
Fold Wise AUPRC  [0.63, 1.00, 1.00, 1.00, 0.90]
AUC -   0.9966 		AUPRC -   0.8939 

      Threshold       Precision          Recall        F1-Score     Skill Score         FP         FN         TP         TN
         0.3690          0.8378          0.9394          0.8857          0.9379          6          2         31       3921
         0.2050          0.1398          1.0000          0.2454          0.9483        203          0         33       3724
         0.2500          0.1694          0.9394          0.2870          0.9007        152          2         31       3775
         0.5000          0.8846          0.6970          0.7797          0.6962          3         10         23       3924
         0.7500          0.0000          0.0000          0.0000          0.0000          0         33          0       3927



Hyper-Parameters: 
 - weights.......................: (1.3, 1.9000000000000001, 1.2000000000000002, 0.15000000000000002, 2.0)
Fold Wise AUPRC  [0.83, 1.00, 0.92, 0.98, 0.98]
AUC -   0.9994 		AUPRC -   0.9398 

      Threshold       Precision          Recall        F1-Score     Skill Score         FP         FN         TP         TN
         0.6510          0.9032          0.8485          0.8750          0.8477          3          5         28       3924
         0.5320          0.6875          1.0000          0.8148          0.9962         15          0         33       3912
         0.2500          0.0951          1.0000          0.1737          0.9200        314          0         33       3613
         0.5000          0.6600          1.0000          0.7952          0.9957         17          0         33       3910
         0.7500          0.8929          0.7576          0.8197          0.7568          3          8         25       3924



Hyper-Parameters: 
 - weights.......................: (0.65, 0.9500000000000001, 0.7000000000000001, 0.75, 1.6500000000000001)
Fold Wise AUPRC  [0.80, 1.00, 1.00, 1.00, 0.98]
AUC -   0.9982 		AUPRC -   0.9213 

      Threshold       Precision          Recall        F1-Score     Skill Score         FP         FN         TP         TN
         0.4320          0.8378          0.9394          0.8857          0.9379          6          2         31       3921
         0.2850          0.2340          1.0000          0.3793          0.9725        108          0         33       3819
         0.2500          0.1710          1.0000          0.2920          0.9593        160          0         33       3767
         0.5000          0.8889          0.7273          0.8000          0.7265          3          9         24       3924
         0.7500          1.0000          0.1515          0.2632          0.1515          0         28          5       3927



Hyper-Parameters: 
 - weights.......................: (0.0, 1.2000000000000002, 1.0, 1.3, 1.1)
Fold Wise AUPRC  [0.47, 0.98, 0.93, 1.00, 1.00]
AUC -   0.9982 		AUPRC -   0.8640 

      Threshold       Precision          Recall        F1-Score     Skill Score         FP         FN         TP         TN
         0.3480          0.7941          0.8182          0.8060          0.8164          7          6         27       3920
         0.2160          0.2500          1.0000          0.4000          0.9748         99          0         33       3828
         0.2500          0.5741          0.9394          0.7126          0.9335         23          2         31       3904
         0.5000          0.9412          0.4848          0.6400          0.4846          1         17         16       3926
         0.7500          0.0000          0.0000          0.0000          0.0000          0         33          0       3927



Hyper-Parameters: 
 - weights.......................: (2.0, 0.30000000000000004, 0.8, 0.30000000000000004, 1.55)
Fold Wise AUPRC  [0.68, 1.00, 1.00, 0.95, 0.81]
AUC -   0.9988 		AUPRC -   0.8981 

      Threshold       Precision          Recall        F1-Score     Skill Score         FP         FN         TP         TN
         0.4800          0.9032          0.8485          0.8750          0.8477          3          5         28       3924
         0.3100          0.3173          1.0000          0.4818          0.9819         71          0         33       3856
         0.2500          0.1626          1.0000          0.2797          0.9567        170          0         33       3757
         0.5000          0.9032          0.8485          0.8750          0.8477          3          5         28       3924
         0.7500          0.9200          0.6970          0.7931          0.6965          2         10         23       3925



Hyper-Parameters: 
 - weights.......................: (0.25, 1.0, 0.5, 0.75, 1.6500000000000001)
Fold Wise AUPRC  [0.72, 0.98, 0.97, 1.00, 0.92]
AUC -   0.9969 		AUPRC -   0.9003 

      Threshold       Precision          Recall        F1-Score     Skill Score         FP         FN         TP         TN
         0.3820          0.7750          0.9394          0.8493          0.9371          9          2         31       3918
         0.2270          0.1500          1.0000          0.2609          0.9524        187          0         33       3740
         0.2500          0.1640          0.9394          0.2793          0.8992        158          2         31       3769
         0.5000          0.9600          0.7273          0.8276          0.7270          1          9         24       3926
         0.7500          0.0000          0.0000          0.0000          0.0000          0         33          0       3927



Hyper-Parameters: 
 - weights.......................: (0.45, 1.35, 0.9500000000000001, 0.5, 1.4000000000000001)
Fold Wise AUPRC  [0.75, 0.98, 0.92, 1.00, 0.98]
AUC -   0.9993 		AUPRC -   0.9297 

      Threshold       Precision          Recall        F1-Score     Skill Score         FP         FN         TP         TN
         0.4730          0.8966          0.7879          0.8387          0.7871          3          7         26       3924
         0.3260          0.6226          1.0000          0.7674          0.9949         20          0         33       3907
         0.2500          0.2062          1.0000          0.3420          0.9677        127          0         33       3800
         0.5000          0.8889          0.7273          0.8000          0.7265          3          9         24       3924
         0.7500          1.0000          0.1515          0.2632          0.1515          0         28          5       3927



Hyper-Parameters: 
 - weights.......................: (0.9, 0.1, 1.5, 0.05, 1.85)
Fold Wise AUPRC  [0.41, 1.00, 1.00, 1.00, 0.86]
AUC -   0.9952 		AUPRC -   0.7815 

      Threshold       Precision          Recall        F1-Score     Skill Score         FP         FN         TP         TN
         0.4010          0.8158          0.9394          0.8732          0.9376          7          2         31       3920
         0.4010          0.8158          0.9394          0.8732          0.9376          7          2         31       3920
         0.2500          0.1498          0.9394          0.2583          0.8946        176          2         31       3751
         0.5000          0.8182          0.8182          0.8182          0.8167          6          6         27       3921
         0.7500          0.8000          0.2424          0.3721          0.2419          2         25          8       3925



Hyper-Parameters: 
 - weights.......................: (1.1, 1.8, 0.75, 0.8500000000000001, 1.25)
Fold Wise AUPRC  [0.91, 0.97, 0.85, 0.94, 0.95]
AUC -   0.9993 		AUPRC -   0.9325 

      Threshold       Precision          Recall        F1-Score     Skill Score         FP         FN         TP         TN
         0.6140          0.9615          0.7576          0.8475          0.7573          1          8         25       3926
         0.3680          0.5789          1.0000          0.7333          0.9939         24          0         33       3903
         0.2500          0.1886          1.0000          0.3173          0.9638        142          0         33       3785
         0.5000          0.7568          0.8485          0.8000          0.8462          9          5         28       3918
         0.7500          1.0000          0.6667          0.8000          0.6667          0         11         22       3927



Hyper-Parameters: 
 - weights.......................: (1.25, 1.5, 0.6000000000000001, 0.35000000000000003, 1.9000000000000001)
Fold Wise AUPRC  [0.88, 1.00, 0.93, 0.96, 0.98]
AUC -   0.9994 		AUPRC -   0.9443 

      Threshold       Precision          Recall        F1-Score     Skill Score         FP         FN         TP         TN
         0.6160          0.9032          0.8485          0.8750          0.8477          3          5         28       3924
         0.4480          0.6735          1.0000          0.8049          0.9959         16          0         33       3911
         0.2500          0.1138          1.0000          0.2043          0.9346        257          0         33       3670
         0.5000          0.7209          0.9394          0.8158          0.9363         12          2         31       3915
         0.7500          1.0000          0.6970          0.8214          0.6970          0         10         23       3927



Hyper-Parameters: 
 - weights.......................: (0.65, 0.75, 0.35000000000000003, 1.6500000000000001, 1.8)
Fold Wise AUPRC  [0.79, 1.00, 1.00, 1.00, 0.91]
AUC -   0.9971 		AUPRC -   0.9176 

      Threshold       Precision          Recall        F1-Score     Skill Score         FP         FN         TP         TN
         0.4260          0.8378          0.9394          0.8857          0.9379          6          2         31       3921
         0.2420          0.1507          1.0000          0.2619          0.9526        186          0         33       3741
         0.2500          0.1495          0.9697          0.2591          0.9234        182          1         32       3745
         0.5000          0.8667          0.7879          0.8254          0.7869          4          7         26       3923
         0.7500          1.0000          0.0606          0.1143          0.0606          0         31          2       3927



Hyper-Parameters: 
 - weights.......................: (1.4000000000000001, 0.0, 0.35000000000000003, 1.55, 1.5)
Fold Wise AUPRC  [0.61, 1.00, 1.00, 1.00, 0.86]
AUC -   0.9971 		AUPRC -   0.8753 

      Threshold       Precision          Recall        F1-Score     Skill Score         FP         FN         TP         TN
         0.3420          0.8378          0.9394          0.8857          0.9379          6          2         31       3921
         0.2870          0.3368          0.9697          0.5000          0.9537         63          1         32       3864
         0.2500          0.1839          0.9697          0.3092          0.9335        142          1         32       3785
         0.5000          0.8929          0.7576          0.8197          0.7568          3          8         25       3924
         0.7500          0.0000          0.0000          0.0000          0.0000          0         33          0       3927



Hyper-Parameters: 
 - weights.......................: (1.85, 0.0, 0.35000000000000003, 1.6500000000000001, 1.1500000000000001)
Fold Wise AUPRC  [0.63, 1.00, 1.00, 0.95, 0.73]
AUC -   0.9980 		AUPRC -   0.8576 

      Threshold       Precision          Recall        F1-Score     Skill Score         FP         FN         TP         TN
         0.4040          0.9032          0.8485          0.8750          0.8477          3          5         28       3924
         0.2270          0.2661          1.0000          0.4204          0.9768         91          0         33       3836
         0.2500          0.3596          0.9697          0.5246          0.9552         57          1         32       3870
         0.5000          0.8929          0.7576          0.8197          0.7568          3          8         25       3924
         0.7500          0.0000          0.0000          0.0000          0.0000          0         33          0       3927



Hyper-Parameters: 
 - weights.......................: (1.4500000000000002, 0.45, 0.15000000000000002, 2.0, 1.4000000000000001)
Fold Wise AUPRC  [0.84, 1.00, 1.00, 1.00, 0.88]
AUC -   0.9991 		AUPRC -   0.9441 

      Threshold       Precision          Recall        F1-Score     Skill Score         FP         FN         TP         TN
         0.3970          0.8824          0.9091          0.8955          0.9081          4          3         30       3923
         0.2710          0.2750          1.0000          0.4314          0.9778         87          0         33       3840
         0.2500          0.2075          1.0000          0.3438          0.9679        126          0         33       3801
         0.5000          0.8966          0.7879          0.8387          0.7871          3          7         26       3924
         0.7500          1.0000          0.1515          0.2632          0.1515          0         28          5       3927



Hyper-Parameters: 
 - weights.......................: (1.5, 0.15000000000000002, 0.1, 2.0, 1.4000000000000001)
Fold Wise AUPRC  [0.67, 1.00, 1.00, 1.00, 0.86]
AUC -   0.9982 		AUPRC -   0.9192 

      Threshold       Precision          Recall        F1-Score     Skill Score         FP         FN         TP         TN
         0.3500          0.8611          0.9394          0.8986          0.9381          5          2         31       3922
         0.3240          0.7619          0.9697          0.8533          0.9672         10          1         32       3917
         0.2500          0.1988          0.9697          0.3299          0.9368        129          1         32       3798
         0.5000          0.8929          0.7576          0.8197          0.7568          3          8         25       3924
         0.7500          0.0000          0.0000          0.0000          0.0000          0         33          0       3927



Best Parameters...
 - z_score.......................: 0.898550724638
 - model3........................: 2.0
 - model2........................: 0.1
 - model1........................: 0.15
 - model0........................: 1.5
 - model4........................: 1.4
