

Hyper-Parameters: 
 - powers........................: (0.01, 0.03, 0.15, 0.1, 0.49)
 - weights.......................: (1.85, 1.3, 0.4, 1.8, 0.75)
Fold Wise AUPRC  [0.98, 0.98, 0.84, 0.90, 0.85]
AUC -   0.9981 		AUPRC -   0.8991 

      Threshold       Precision          Recall        F1-Score     Skill Score         FP         FN         TP         TN
         0.6470          1.0000          0.7273          0.8421          0.7273          0          9         24       3927
         0.2310          0.2870          1.0000          0.4459          0.9791         82          0         33       3845
         0.2500          0.3404          0.9697          0.5039          0.9539         62          1         32       3865
         0.5000          0.7941          0.8182          0.8060          0.8164          7          6         27       3920
         0.7500          1.0000          0.5455          0.7059          0.5455          0         15         18       3927



Hyper-Parameters: 
 - powers........................: (0.02, 0.25, 0.08, 1.82, 0.18)
 - weights.......................: (0.05, 1.7000000000000002, 1.9000000000000001, 1.5, 1.1)
Fold Wise AUPRC  [0.36, 0.89, 0.86, 1.00, 1.00]
AUC -   0.9971 		AUPRC -   0.7918 

      Threshold       Precision          Recall        F1-Score     Skill Score         FP         FN         TP         TN
         0.3530          0.7250          0.8788          0.7945          0.8760         11          4         29       3916
         0.2310          0.2946          1.0000          0.4552          0.9799         79          0         33       3848
         0.2500          0.3039          0.9394          0.4593          0.9213         71          2         31       3856
         0.5000          0.8214          0.6970          0.7541          0.6957          5         10         23       3922
         0.7500          1.0000          0.1212          0.2162          0.1212          0         29          4       3927



Hyper-Parameters: 
 - powers........................: (0.85, 0.22, 0.08, 0.07, 0.05)
 - weights.......................: (1.25, 0.2, 0.35000000000000003, 1.85, 0.2)
Fold Wise AUPRC  [0.77, 1.00, 0.96, 0.86, 0.72]
AUC -   0.9975 		AUPRC -   0.8598 

      Threshold       Precision          Recall        F1-Score     Skill Score         FP         FN         TP         TN
         0.3140          0.9000          0.8182          0.8571          0.8174          3          6         27       3924
         0.1140          0.3548          1.0000          0.5238          0.9847         60          0         33       3867
         0.2500          0.4821          0.8182          0.6067          0.8108         29          6         27       3898
         0.5000          0.0000          0.0000          0.0000          0.0000          0         33          0       3927
         0.7500          0.0000          0.0000          0.0000          0.0000          0         33          0       3927



Hyper-Parameters: 
 - powers........................: (1.4000000000000001, 0.1, 0.11, 1.25, 0.24)
 - weights.......................: (2.0, 1.2000000000000002, 1.25, 1.55, 1.85)
Fold Wise AUPRC  [0.84, 1.00, 0.96, 0.98, 0.87]
AUC -   0.9993 		AUPRC -   0.9334 

      Threshold       Precision          Recall        F1-Score     Skill Score         FP         FN         TP         TN
         0.4450          0.7442          0.9697          0.8421          0.9669         11          1         32       3916
         0.3800          0.5156          1.0000          0.6804          0.9921         31          0         33       3896
         0.2500          0.1650          1.0000          0.2833          0.9575        167          0         33       3760
         0.5000          0.7442          0.9697          0.8421          0.9669         11          1         32       3916
         0.7500          0.9259          0.7576          0.8333          0.7571          2          8         25       3925



Hyper-Parameters: 
 - powers........................: (0.2, 0.16, 0.07, 1.86, 0.03)
 - weights.......................: (1.3, 0.9500000000000001, 0.75, 1.6500000000000001, 0.45)
Fold Wise AUPRC  [0.92, 0.98, 0.91, 0.89, 0.86]
AUC -   0.9986 		AUPRC -   0.9036 

      Threshold       Precision          Recall        F1-Score     Skill Score         FP         FN         TP         TN
         0.5010          1.0000          0.7273          0.8421          0.7273          0          9         24       3927
         0.2060          0.3793          1.0000          0.5500          0.9862         54          0         33       3873
         0.2500          0.4844          0.9394          0.6392          0.9310         33          2         31       3894
         0.5000          0.9600          0.7273          0.8276          0.7270          1          9         24       3926
         0.7500          0.0000          0.0000          0.0000          0.0000          0         33          0       3927



Hyper-Parameters: 
 - powers........................: (0.03, 0.07, 0.29, 0.16, 0.21)
 - weights.......................: (0.05, 0.65, 0.1, 0.45, 1.6500000000000001)
Fold Wise AUPRC  [0.66, 0.98, 0.96, 0.98, 0.89]
AUC -   0.9953 		AUPRC -   0.8769 

      Threshold       Precision          Recall        F1-Score     Skill Score         FP         FN         TP         TN
         0.3990          0.9032          0.8485          0.8750          0.8477          3          5         28       3924
         0.1560          0.1279          1.0000          0.2268          0.9427        225          0         33       3702
         0.2500          0.1867          0.9394          0.3116          0.9050        135          2         31       3792
         0.5000          1.0000          0.4242          0.5957          0.4242          0         19         14       3927
         0.7500          0.0000          0.0000          0.0000          0.0000          0         33          0       3927



Hyper-Parameters: 
 - powers........................: (0.03, 0.22, 0.35000000000000003, 0.01, 0.41000000000000003)
 - weights.......................: (0.4, 1.6, 0.45, 0.05, 0.4)
Fold Wise AUPRC  [0.81, 0.85, 0.71, 0.87, 0.95]
AUC -   0.9954 		AUPRC -   0.8170 

      Threshold       Precision          Recall        F1-Score     Skill Score         FP         FN         TP         TN
         0.4240          1.0000          0.6364          0.7778          0.6364          0         12         21       3927
         0.1760          0.2292          1.0000          0.3729          0.9717        111          0         33       3816
         0.2500          0.2800          0.8485          0.4211          0.8302         72          5         28       3855
         0.5000          1.0000          0.3636          0.5333          0.3636          0         21         12       3927
         0.7500          0.0000          0.0000          0.0000          0.0000          0         33          0       3927



Hyper-Parameters: 
 - powers........................: (0.05, 0.25, 0.52, 0.02, 0.01)
 - weights.......................: (0.1, 1.3, 1.9000000000000001, 0.5, 1.1500000000000001)
Fold Wise AUPRC  [0.36, 0.97, 0.93, 1.00, 0.98]
AUC -   0.9981 		AUPRC -   0.7898 

      Threshold       Precision          Recall        F1-Score     Skill Score         FP         FN         TP         TN
         0.4100          0.8387          0.7879          0.8125          0.7866          5          7         26       3922
         0.2480          0.3367          1.0000          0.5038          0.9834         65          0         33       3862
         0.2500          0.3596          0.9697          0.5246          0.9552         57          1         32       3870
         0.5000          0.8148          0.6667          0.7333          0.6654          5         11         22       3922
         0.7500          1.0000          0.1212          0.2162          0.1212          0         29          4       3927



Hyper-Parameters: 
 - powers........................: (0.02, 0.18, 0.03, 0.04, 1.76)
 - weights.......................: (1.05, 1.35, 0.8, 1.0, 0.6000000000000001)
Fold Wise AUPRC  [0.90, 0.98, 0.86, 0.92, 0.95]
AUC -   0.9991 		AUPRC -   0.9236 

      Threshold       Precision          Recall        F1-Score     Skill Score         FP         FN         TP         TN
         0.5030          1.0000          0.7273          0.8421          0.7273          0          9         24       3927
         0.2590          0.5410          1.0000          0.7021          0.9929         28          0         33       3899
         0.2500          0.4521          1.0000          0.6226          0.9898         40          0         33       3887
         0.5000          0.9600          0.7273          0.8276          0.7270          1          9         24       3926
         0.7500          1.0000          0.1212          0.2162          0.1212          0         29          4       3927



Hyper-Parameters: 
 - powers........................: (0.02, 0.07, 0.03, 0.06, 0.5)
 - weights.......................: (0.4, 1.85, 0.2, 0.6000000000000001, 0.45)
Fold Wise AUPRC  [0.80, 0.79, 0.68, 0.87, 0.95]
AUC -   0.9947 		AUPRC -   0.7849 

      Threshold       Precision          Recall        F1-Score     Skill Score         FP         FN         TP         TN
         0.4790          0.9545          0.6364          0.7636          0.6361          1         12         21       3926
         0.1840          0.2308          1.0000          0.3750          0.9720        110          0         33       3817
         0.2500          0.2642          0.8485          0.4029          0.8286         78          5         28       3849
         0.5000          1.0000          0.5758          0.7308          0.5758          0         14         19       3927
         0.7500          0.0000          0.0000          0.0000          0.0000          0         33          0       3927



Best Parameters...
 - modelwt4......................: 1.65
 - modelwt2......................: 0.1
 - modelwt3......................: 0.45
 - modelwt0......................: 0.05
 - modelwt1......................: 0.65
 - z_score.......................: 0.875
 - modelpow4.....................: 0.21
 - modelpow0.....................: 0.03
 - modelpow1.....................: 0.07
 - modelpow2.....................: 0.29
 - modelpow3.....................: 0.16
