

Hyper-Parameters: 
 - ensemble__weights.............: (1.35, 0.30000000000000004, 0.8500000000000001, 1.3, 0.1, 0.35000000000000003, 2.0, 1.1, 0.6000000000000001, 2.0, 1.9500000000000002, 1.9500000000000002, 0.0)
 - ensemble__powers..............: (0.42, 0.8, 0.26, 0.81, 2.0, 1.87, 0.25, 0.7000000000000001, 0.8300000000000001, 0.93, 0.51, 1.8, 0.28)
[[ 0.128  0.872]
 [ 0.259  0.741]
 [ 0.359  0.641]
 ..., 
 [ 0.896  0.104]
 [ 0.982  0.018]
 [ 0.982  0.018]]
Fold Wise AUPRC  [1.00, 1.00, 0.98, 1.00, 0.95]
AUC -   0.9997 		AUPRC -   0.9708 

      Threshold       Precision          Recall        F1-Score     Skill Score         FP         FN         TP         TN
         0.5160          0.9655          0.8485          0.9032          0.8482          1          5         28       3926
         0.3460          0.7674          1.0000          0.8684          0.9975         10          0         33       3917
         0.2500          0.5500          1.0000          0.7097          0.9931         27          0         33       3900
         0.5000          0.9032          0.8485          0.8750          0.8477          3          5         28       3924
         0.7500          1.0000          0.4242          0.5957          0.4242          0         19         14       3927



Hyper-Parameters: 
 - ensemble__weights.............: (0.5, 0.15000000000000002, 0.9500000000000001, 0.75, 0.1, 1.4000000000000001, 1.4500000000000002, 2.0, 1.05, 1.25, 1.4000000000000001, 1.85, 0.15000000000000002)
 - ensemble__powers..............: (0.43, 0.68, 0.36, 0.41000000000000003, 1.6500000000000001, 1.97, 0.53, 0.42, 0.4, 0.81, 0.56, 0.64, 0.38)
[[ 0.202  0.798]
 [ 0.323  0.677]
 [ 0.336  0.664]
 ..., 
 [ 0.83   0.17 ]
 [ 0.981  0.019]
 [ 0.982  0.018]]
Fold Wise AUPRC  [1.00, 1.00, 1.00, 1.00, 0.85]
AUC -   0.9994 		AUPRC -   0.9518 

      Threshold       Precision          Recall        F1-Score     Skill Score         FP         FN         TP         TN
         0.4790          0.9333          0.8485          0.8889          0.8480          2          5         28       3925
         0.2640          0.5323          1.0000          0.6947          0.9926         29          0         33       3898
         0.2500          0.5077          1.0000          0.6735          0.9919         32          0         33       3895
         0.5000          0.9333          0.8485          0.8889          0.8480          2          5         28       3925
         0.7500          1.0000          0.3636          0.5333          0.3636          0         21         12       3927



Hyper-Parameters: 
 - ensemble__weights.............: (1.35, 1.1500000000000001, 0.7000000000000001, 1.3, 0.7000000000000001, 0.30000000000000004, 2.0, 0.9, 0.5, 1.7000000000000002, 2.0, 1.1500000000000001, 0.0)
 - ensemble__powers..............: (0.33, 1.99, 0.25, 0.8200000000000001, 1.61, 0.8, 0.25, 0.68, 0.81, 1.02, 0.33, 1.67, 0.62)
[[ 0.169  0.831]
 [ 0.267  0.733]
 [ 0.457  0.543]
 ..., 
 [ 0.916  0.084]
 [ 0.984  0.016]
 [ 0.986  0.014]]
Fold Wise AUPRC  [0.94, 1.00, 1.00, 1.00, 0.95]
AUC -   0.9997 		AUPRC -   0.9659 

      Threshold       Precision          Recall        F1-Score     Skill Score         FP         FN         TP         TN
         0.4630          0.8857          0.9394          0.9118          0.9384          4          2         31       3923
         0.3150          0.7500          1.0000          0.8571          0.9972         11          0         33       3916
         0.2500          0.5893          1.0000          0.7416          0.9941         23          0         33       3904
         0.5000          0.9032          0.8485          0.8750          0.8477          3          5         28       3924
         0.7500          1.0000          0.4848          0.6531          0.4848          0         17         16       3927



Hyper-Parameters: 
 - ensemble__weights.............: (1.4000000000000001, 1.25, 0.75, 1.4000000000000001, 0.9, 2.0, 2.0, 0.9500000000000001, 0.55, 1.75, 1.9500000000000002, 1.1, 0.0)
 - ensemble__powers..............: (0.26, 1.98, 0.36, 0.36, 1.55, 0.81, 0.51, 0.68, 0.87, 0.97, 0.35000000000000003, 2.0, 0.6)
[[ 0.162  0.838]
 [ 0.263  0.737]
 [ 0.455  0.545]
 ..., 
 [ 0.916  0.084]
 [ 0.987  0.013]
 [ 0.988  0.012]]
Fold Wise AUPRC  [0.71, 1.00, 1.00, 1.00, 0.95]
AUC -   0.9994 		AUPRC -   0.9283 

      Threshold       Precision          Recall        F1-Score     Skill Score         FP         FN         TP         TN
         0.4260          0.8158          0.9394          0.8732          0.9376          7          2         31       3920
         0.3150          0.7500          1.0000          0.8571          0.9972         11          0         33       3916
         0.2500          0.5893          1.0000          0.7416          0.9941         23          0         33       3904
         0.5000          0.8235          0.8485          0.8358          0.8470          6          5         28       3921
         0.7500          0.9474          0.5455          0.6923          0.5452          1         15         18       3926



Hyper-Parameters: 
 - ensemble__weights.............: (0.9500000000000001, 1.1500000000000001, 1.0, 1.25, 0.0, 1.35, 1.85, 0.9, 0.45, 1.9000000000000001, 2.0, 0.8, 0.5)
 - ensemble__powers..............: (0.31, 1.6400000000000001, 0.32, 1.35, 0.87, 0.61, 0.26, 0.45, 0.9400000000000001, 0.25, 0.5700000000000001, 1.53, 0.5700000000000001)
[[ 0.148  0.852]
 [ 0.247  0.753]
 [ 0.463  0.537]
 ..., 
 [ 0.918  0.082]
 [ 0.986  0.014]
 [ 0.986  0.014]]
Fold Wise AUPRC  [0.94, 1.00, 1.00, 1.00, 0.95]
AUC -   0.9997 		AUPRC -   0.9657 

      Threshold       Precision          Recall        F1-Score     Skill Score         FP         FN         TP         TN
         0.4290          0.8611          0.9394          0.8986          0.9381          5          2         31       3922
         0.3460          0.7674          1.0000          0.8684          0.9975         10          0         33       3917
         0.2500          0.6600          1.0000          0.7952          0.9957         17          0         33       3910
         0.5000          0.8788          0.8788          0.8788          0.8778          4          4         29       3923
         0.7500          1.0000          0.5152          0.6800          0.5152          0         16         17       3927



Hyper-Parameters: 
 - ensemble__weights.............: (0.05, 1.4500000000000002, 1.05, 1.4500000000000002, 0.7000000000000001, 1.7000000000000002, 1.85, 1.3, 0.9, 1.6500000000000001, 1.9000000000000001, 1.3, 0.2)
 - ensemble__powers..............: (0.45, 1.44, 0.64, 0.87, 1.02, 1.69, 0.46, 0.64, 0.72, 0.27, 0.33, 1.55, 0.85)
[[ 0.091  0.909]
 [ 0.214  0.786]
 [ 0.364  0.636]
 ..., 
 [ 0.887  0.113]
 [ 0.983  0.017]
 [ 0.985  0.015]]
Fold Wise AUPRC  [0.94, 1.00, 1.00, 1.00, 0.95]
AUC -   0.9996 		AUPRC -   0.9548 

      Threshold       Precision          Recall        F1-Score     Skill Score         FP         FN         TP         TN
         0.5060          0.8571          0.9091          0.8824          0.9078          5          3         30       3922
         0.3670          0.7500          1.0000          0.8571          0.9972         11          0         33       3916
         0.2500          0.5077          1.0000          0.6735          0.9919         32          0         33       3895
         0.5000          0.8108          0.9091          0.8571          0.9073          7          3         30       3920
         0.7500          0.9545          0.6364          0.7636          0.6361          1         12         21       3926



Hyper-Parameters: 
 - ensemble__weights.............: (0.55, 1.1, 0.15000000000000002, 1.9500000000000002, 0.25, 0.25, 1.5, 0.8500000000000001, 0.65, 2.0, 1.8, 0.8500000000000001, 0.05)
 - ensemble__powers..............: (0.32, 0.85, 0.41000000000000003, 0.37, 1.52, 0.67, 0.31, 0.38, 1.76, 1.03, 0.41000000000000003, 1.98, 0.66)
[[ 0.189  0.811]
 [ 0.254  0.746]
 [ 0.494  0.506]
 ..., 
 [ 0.913  0.087]
 [ 0.977  0.023]
 [ 0.98   0.02 ]]
Fold Wise AUPRC  [0.97, 1.00, 1.00, 1.00, 1.00]
AUC -   0.9998 		AUPRC -   0.9816 

      Threshold       Precision          Recall        F1-Score     Skill Score         FP         FN         TP         TN
         0.4200          0.9167          1.0000          0.9565          0.9992          3          0         33       3924
         0.4200          0.9167          1.0000          0.9565          0.9992          3          0         33       3924
         0.2500          0.6735          1.0000          0.8049          0.9959         16          0         33       3911
         0.5000          0.9310          0.8182          0.8710          0.8177          2          6         27       3925
         0.7500          1.0000          0.3333          0.5000          0.3333          0         22         11       3927



Hyper-Parameters: 
 - ensemble__weights.............: (0.6000000000000001, 1.05, 0.2, 1.9000000000000001, 0.2, 0.25, 1.55, 0.75, 1.1, 1.9500000000000002, 1.4500000000000002, 0.9, 0.0)
 - ensemble__powers..............: (0.31, 0.8300000000000001, 0.55, 0.25, 1.6, 0.68, 0.58, 0.39, 1.9000000000000001, 1.05, 0.46, 1.99, 0.4)
[[ 0.193  0.807]
 [ 0.262  0.738]
 [ 0.464  0.536]
 ..., 
 [ 0.927  0.073]
 [ 0.984  0.016]
 [ 0.987  0.013]]
Fold Wise AUPRC  [0.98, 1.00, 1.00, 1.00, 1.00]
AUC -   0.9998 		AUPRC -   0.9790 

      Threshold       Precision          Recall        F1-Score     Skill Score         FP         FN         TP         TN
         0.4110          0.8889          0.9697          0.9275          0.9687          4          1         32       3923
         0.3930          0.8250          1.0000          0.9041          0.9982          7          0         33       3920
         0.2500          0.6875          1.0000          0.8148          0.9962         15          0         33       3912
         0.5000          0.9000          0.8182          0.8571          0.8174          3          6         27       3924
         0.7500          1.0000          0.3333          0.5000          0.3333          0         22         11       3927



Hyper-Parameters: 
 - ensemble__weights.............: (0.55, 1.0, 0.1, 1.9500000000000002, 0.2, 0.2, 1.5, 0.75, 1.1500000000000001, 2.0, 1.4500000000000002, 0.9, 0.30000000000000004)
 - ensemble__powers..............: (0.29, 0.84, 0.54, 0.26, 1.49, 0.65, 0.5700000000000001, 0.34, 1.81, 1.19, 0.49, 1.94, 0.38)
[[ 0.174  0.826]
 [ 0.237  0.763]
 [ 0.449  0.551]
 ..., 
 [ 0.924  0.076]
 [ 0.981  0.019]
 [ 0.984  0.016]]
Fold Wise AUPRC  [1.00, 1.00, 1.00, 1.00, 1.00]
AUC -   0.9999 		AUPRC -   0.9848 

      Threshold       Precision          Recall        F1-Score     Skill Score         FP         FN         TP         TN
         0.4040          0.8919          1.0000          0.9429          0.9990          4          0         33       3923
         0.4040          0.8919          1.0000          0.9429          0.9990          4          0         33       3923
         0.2500          0.6875          1.0000          0.8148          0.9962         15          0         33       3912
         0.5000          0.9032          0.8485          0.8750          0.8477          3          5         28       3924
         0.7500          1.0000          0.3939          0.5652          0.3939          0         20         13       3927



Hyper-Parameters: 
 - ensemble__weights.............: (0.1, 1.6, 0.05, 1.9500000000000002, 0.05, 0.0, 1.1500000000000001, 1.2000000000000002, 0.9, 1.9500000000000002, 1.05, 0.6000000000000001, 0.35000000000000003)
 - ensemble__powers..............: (0.26, 0.85, 0.67, 0.38, 0.9400000000000001, 0.46, 1.05, 0.26, 1.7, 1.23, 0.67, 1.28, 0.33)
[[ 0.259  0.741]
 [ 0.293  0.707]
 [ 0.515  0.485]
 ..., 
 [ 0.891  0.109]
 [ 0.981  0.019]
 [ 0.982  0.018]]
Fold Wise AUPRC  [0.97, 1.00, 1.00, 1.00, 1.00]
AUC -   0.9998 		AUPRC -   0.9799 

      Threshold       Precision          Recall        F1-Score     Skill Score         FP         FN         TP         TN
         0.3920          0.9118          0.9394          0.9254          0.9386          3          2         31       3924
         0.3720          0.8462          1.0000          0.9167          0.9985          6          0         33       3921
         0.2500          0.7500          1.0000          0.8571          0.9972         11          0         33       3916
         0.5000          0.9630          0.7879          0.8667          0.7876          1          7         26       3926
         0.7500          1.0000          0.1515          0.2632          0.1515          0         28          5       3927



Hyper-Parameters: 
 - ensemble__weights.............: (0.30000000000000004, 1.35, 0.25, 1.6, 0.6000000000000001, 0.5, 1.1, 0.8, 1.2000000000000002, 0.6000000000000001, 1.3, 1.05, 0.8500000000000001)
 - ensemble__powers..............: (0.37, 0.58, 0.52, 0.29, 1.85, 0.6900000000000001, 0.64, 0.34, 1.58, 0.78, 0.25, 1.92, 0.43)
[[ 0.296  0.704]
 [ 0.361  0.639]
 [ 0.457  0.543]
 ..., 
 [ 0.927  0.073]
 [ 0.988  0.012]
 [ 0.991  0.009]]
Fold Wise AUPRC  [1.00, 1.00, 1.00, 1.00, 1.00]
AUC -   0.9997 		AUPRC -   0.9713 

      Threshold       Precision          Recall        F1-Score     Skill Score         FP         FN         TP         TN
         0.4400          0.9091          0.9091          0.9091          0.9083          3          3         30       3924
         0.2600          0.7857          1.0000          0.8800          0.9977          9          0         33       3918
         0.2500          0.7500          1.0000          0.8571          0.9972         11          0         33       3916
         0.5000          0.9062          0.8788          0.8923          0.8780          3          4         29       3924
         0.7500          1.0000          0.1818          0.3077          0.1818          0         27          6       3927



Hyper-Parameters: 
 - ensemble__weights.............: (0.25, 1.05, 0.15000000000000002, 1.9500000000000002, 0.25, 0.15000000000000002, 1.35, 0.7000000000000001, 0.9500000000000001, 2.0, 0.9, 0.8500000000000001, 0.55)
 - ensemble__powers..............: (1.98, 0.64, 0.93, 0.25, 1.45, 0.96, 0.44, 0.49, 1.06, 1.69, 0.62, 1.26, 0.53)
[[ 0.235  0.765]
 [ 0.299  0.701]
 [ 0.472  0.528]
 ..., 
 [ 0.925  0.075]
 [ 0.978  0.022]
 [ 0.982  0.018]]
Fold Wise AUPRC  [1.00, 1.00, 1.00, 1.00, 1.00]
AUC -   0.9999 		AUPRC -   0.9850 

      Threshold       Precision          Recall        F1-Score     Skill Score         FP         FN         TP         TN
         0.4000          0.9143          0.9697          0.9412          0.9689          3          1         32       3924
         0.3500          0.8049          1.0000          0.8919          0.9980          8          0         33       3919
         0.2500          0.7333          1.0000          0.8462          0.9969         12          0         33       3915
         0.5000          1.0000          0.8182          0.9000          0.8182          0          6         27       3927
         0.7500          1.0000          0.2121          0.3500          0.2121          0         26          7       3927



Hyper-Parameters: 
 - ensemble__weights.............: (0.65, 1.6, 0.0, 1.8, 0.15000000000000002, 0.55, 1.0, 1.1500000000000001, 0.7000000000000001, 1.25, 1.8, 1.3, 1.35)
 - ensemble__powers..............: (0.29, 0.92, 0.71, 0.34, 0.84, 0.48, 0.29, 0.25, 1.4000000000000001, 1.24, 0.48, 0.77, 0.31)
[[ 0.212  0.788]
 [ 0.263  0.737]
 [ 0.451  0.549]
 ..., 
 [ 0.896  0.104]
 [ 0.983  0.017]
 [ 0.985  0.015]]
Fold Wise AUPRC  [0.98, 1.00, 1.00, 1.00, 1.00]
AUC -   0.9998 		AUPRC -   0.9806 

      Threshold       Precision          Recall        F1-Score     Skill Score         FP         FN         TP         TN
         0.3760          0.8889          0.9697          0.9275          0.9687          4          1         32       3923
         0.3020          0.7674          1.0000          0.8684          0.9975         10          0         33       3917
         0.2500          0.7174          1.0000          0.8354          0.9967         13          0         33       3914
         0.5000          0.9355          0.8788          0.9062          0.8783          2          4         29       3925
         0.7500          1.0000          0.4242          0.5957          0.4242          0         19         14       3927



Hyper-Parameters: 
 - ensemble__weights.............: (0.45, 0.7000000000000001, 0.65, 1.5, 0.6000000000000001, 0.4, 1.55, 1.4000000000000001, 1.2000000000000002, 1.5, 1.55, 0.2, 1.1500000000000001)
 - ensemble__powers..............: (0.37, 0.59, 0.44, 0.59, 1.45, 0.4, 0.56, 0.56, 1.82, 0.85, 0.39, 1.3800000000000001, 0.35000000000000003)
[[ 0.137  0.863]
 [ 0.227  0.773]
 [ 0.403  0.597]
 ..., 
 [ 0.88   0.12 ]
 [ 0.987  0.013]
 [ 0.989  0.011]]
Fold Wise AUPRC  [0.98, 1.00, 1.00, 1.00, 0.98]
AUC -   0.9998 		AUPRC -   0.9788 

      Threshold       Precision          Recall        F1-Score     Skill Score         FP         FN         TP         TN
         0.5390          0.9375          0.9091          0.9231          0.9086          2          3         30       3925
         0.3270          0.7500          1.0000          0.8571          0.9972         11          0         33       3916
         0.2500          0.5789          1.0000          0.7333          0.9939         24          0         33       3903
         0.5000          0.8857          0.9394          0.9118          0.9384          4          2         31       3923
         0.7500          1.0000          0.5758          0.7308          0.5758          0         14         19       3927



Hyper-Parameters: 
 - ensemble__weights.............: (0.35000000000000003, 0.45, 0.5, 1.6500000000000001, 1.05, 0.65, 1.8, 1.0, 0.15000000000000002, 1.8, 1.35, 0.8, 0.25)
 - ensemble__powers..............: (0.49, 0.76, 0.39, 0.52, 1.11, 0.62, 0.99, 0.29, 1.25, 0.64, 0.77, 1.73, 0.6900000000000001)
[[ 0.243  0.757]
 [ 0.34   0.66 ]
 [ 0.485  0.515]
 ..., 
 [ 0.907  0.093]
 [ 0.985  0.015]
 [ 0.985  0.015]]
Fold Wise AUPRC  [0.95, 1.00, 1.00, 1.00, 0.98]
AUC -   0.9997 		AUPRC -   0.9708 

      Threshold       Precision          Recall        F1-Score     Skill Score         FP         FN         TP         TN
         0.4170          0.8649          0.9697          0.9143          0.9684          5          1         32       3922
         0.3580          0.7674          1.0000          0.8684          0.9975         10          0         33       3917
         0.2500          0.6735          1.0000          0.8049          0.9959         16          0         33       3911
         0.5000          0.9000          0.8182          0.8571          0.8174          3          6         27       3924
         0.7500          1.0000          0.3333          0.5000          0.3333          0         22         11       3927



Hyper-Parameters: 
 - ensemble__weights.............: (0.9500000000000001, 0.9500000000000001, 0.30000000000000004, 1.85, 0.4, 0.15000000000000002, 1.25, 0.4, 0.35000000000000003, 1.6, 1.1500000000000001, 0.65, 0.1)
 - ensemble__powers..............: (0.28, 1.1500000000000001, 1.04, 0.3, 0.73, 0.88, 0.41000000000000003, 0.33, 1.56, 1.3900000000000001, 0.41000000000000003, 1.09, 0.27)
[[ 0.349  0.651]
 [ 0.426  0.574]
 [ 0.579  0.421]
 ..., 
 [ 0.946  0.054]
 [ 0.973  0.027]
 [ 0.979  0.021]]
Fold Wise AUPRC  [0.90, 1.00, 1.00, 1.00, 1.00]
AUC -   0.9997 		AUPRC -   0.9674 

      Threshold       Precision          Recall        F1-Score     Skill Score         FP         FN         TP         TN
         0.3650          0.8919          1.0000          0.9429          0.9990          4          0         33       3923
         0.3650          0.8919          1.0000          0.9429          0.9990          4          0         33       3923
         0.2500          0.7500          1.0000          0.8571          0.9972         11          0         33       3916
         0.5000          1.0000          0.6667          0.8000          0.6667          0         11         22       3927
         0.7500          1.0000          0.0606          0.1143          0.0606          0         31          2       3927



Hyper-Parameters: 
 - ensemble__weights.............: (1.0, 0.0, 0.30000000000000004, 1.85, 0.4, 0.0, 1.3, 0.15000000000000002, 0.45, 1.6, 0.1, 0.65, 0.5)
 - ensemble__powers..............: (0.81, 1.1500000000000001, 1.06, 0.3, 0.31, 1.34, 0.4, 0.43, 0.99, 1.78, 0.41000000000000003, 1.07, 0.28)
[[ 0.457  0.543]
 [ 0.546  0.454]
 [ 0.578  0.422]
 ..., 
 [ 0.972  0.028]
 [ 0.976  0.024]
 [ 0.984  0.016]]
Fold Wise AUPRC  [0.97, 1.00, 1.00, 1.00, 1.00]
AUC -   0.9998 		AUPRC -   0.9744 

      Threshold       Precision          Recall        F1-Score     Skill Score         FP         FN         TP         TN
         0.3490          0.9118          0.9394          0.9254          0.9386          3          2         31       3924
         0.2590          0.7857          1.0000          0.8800          0.9977          9          0         33       3918
         0.2500          0.7674          1.0000          0.8684          0.9975         10          0         33       3917
         0.5000          1.0000          0.3636          0.5333          0.3636          0         21         12       3927
         0.7500          0.0000          0.0000          0.0000          0.0000          0         33          0       3927



Hyper-Parameters: 
 - ensemble__weights.............: (0.15000000000000002, 1.6, 1.4500000000000002, 1.75, 0.25, 0.8, 1.5, 0.8, 0.8500000000000001, 1.85, 1.0, 1.75, 0.4)
 - ensemble__powers..............: (0.4, 0.9400000000000001, 0.49, 0.39, 1.8, 0.52, 1.1500000000000001, 0.81, 1.23, 1.09, 0.54, 1.98, 0.44)
[[ 0.132  0.868]
 [ 0.3    0.7  ]
 [ 0.321  0.679]
 ..., 
 [ 0.92   0.08 ]
 [ 0.979  0.021]
 [ 0.982  0.018]]
Fold Wise AUPRC  [0.96, 1.00, 1.00, 1.00, 0.98]
AUC -   0.9996 		AUPRC -   0.9523 

      Threshold       Precision          Recall        F1-Score     Skill Score         FP         FN         TP         TN
         0.5020          0.8788          0.8788          0.8788          0.8778          4          4         29       3923
         0.3360          0.7500          1.0000          0.8571          0.9972         11          0         33       3916
         0.2500          0.7021          1.0000          0.8250          0.9964         14          0         33       3913
         0.5000          0.8529          0.8788          0.8657          0.8775          5          4         29       3922
         0.7500          1.0000          0.4545          0.6250          0.4545          0         18         15       3927



Hyper-Parameters: 
 - ensemble__weights.............: (0.6000000000000001, 0.7000000000000001, 0.1, 2.0, 0.0, 0.4, 1.0, 0.2, 1.25, 0.8500000000000001, 1.8, 1.55, 1.6)
 - ensemble__powers..............: (0.33, 0.52, 0.61, 0.7000000000000001, 0.26, 0.43, 0.74, 0.31, 1.73, 0.72, 0.3, 1.73, 1.1)
[[ 0.254  0.746]
 [ 0.339  0.661]
 [ 0.438  0.562]
 ..., 
 [ 0.975  0.025]
 [ 0.988  0.012]
 [ 0.993  0.007]]
Fold Wise AUPRC  [1.00, 1.00, 1.00, 1.00, 1.00]
AUC -   0.9999 		AUPRC -   0.9882 

      Threshold       Precision          Recall        F1-Score     Skill Score         FP         FN         TP         TN
         0.4260          0.9688          0.9394          0.9538          0.9391          1          2         31       3926
         0.2700          0.7857          1.0000          0.8800          0.9977          9          0         33       3918
         0.2500          0.7674          1.0000          0.8684          0.9975         10          0         33       3917
         0.5000          1.0000          0.8182          0.9000          0.8182          0          6         27       3927
         0.7500          1.0000          0.2121          0.3500          0.2121          0         26          7       3927



Hyper-Parameters: 
 - ensemble__weights.............: (0.65, 0.4, 0.55, 1.1500000000000001, 0.55, 0.4, 0.7000000000000001, 0.2, 1.7000000000000002, 0.8, 1.75, 1.6, 1.6)
 - ensemble__powers..............: (0.48, 0.27, 0.76, 0.7000000000000001, 0.36, 0.33, 0.72, 0.26, 1.3900000000000001, 0.53, 0.3, 0.3, 1.62)
[[ 0.275  0.725]
 [ 0.381  0.619]
 [ 0.443  0.557]
 ..., 
 [ 0.976  0.024]
 [ 0.988  0.012]
 [ 0.994  0.006]]
Fold Wise AUPRC  [1.00, 1.00, 1.00, 1.00, 0.98]
AUC -   0.9999 		AUPRC -   0.9857 

      Threshold       Precision          Recall        F1-Score     Skill Score         FP         FN         TP         TN
         0.3960          0.9688          0.9394          0.9538          0.9391          1          2         31       3926
         0.2070          0.7500          1.0000          0.8571          0.9972         11          0         33       3916
         0.2500          0.7805          0.9697          0.8649          0.9674          9          1         32       3918
         0.5000          1.0000          0.8485          0.9180          0.8485          0          5         28       3927
         0.7500          1.0000          0.1515          0.2632          0.1515          0         28          5       3927



Hyper-Parameters: 
 - ensemble__weights.............: (1.2000000000000002, 0.05, 0.8, 0.8, 0.8, 0.7000000000000001, 0.7000000000000001, 0.05, 1.7000000000000002, 0.6000000000000001, 1.25, 1.6500000000000001, 1.6)
 - ensemble__powers..............: (0.77, 0.27, 1.21, 0.96, 0.36, 0.34, 0.62, 0.26, 1.47, 0.48, 0.29, 0.31, 1.28)
[[ 0.374  0.626]
 [ 0.497  0.503]
 [ 0.476  0.524]
 ..., 
 [ 0.99   0.01 ]
 [ 0.991  0.009]
 [ 0.993  0.007]]
Fold Wise AUPRC  [1.00, 1.00, 1.00, 1.00, 0.98]
AUC -   0.9998 		AUPRC -   0.9771 

      Threshold       Precision          Recall        F1-Score     Skill Score         FP         FN         TP         TN
         0.3550          0.8857          0.9394          0.9118          0.9384          4          2         31       3923
         0.1660          0.7500          1.0000          0.8571          0.9972         11          0         33       3916
         0.2500          0.7949          0.9394          0.8611          0.9374          8          2         31       3919
         0.5000          0.9643          0.8182          0.8852          0.8179          1          6         27       3926
         0.7500          1.0000          0.0606          0.1143          0.0606          0         31          2       3927



Hyper-Parameters: 
 - ensemble__weights.............: (0.0, 0.8500000000000001, 0.4, 1.55, 0.30000000000000004, 0.45, 1.0, 0.4, 1.4500000000000002, 0.30000000000000004, 1.85, 2.0, 1.4500000000000002)
 - ensemble__powers..............: (0.35000000000000003, 0.51, 0.64, 0.63, 0.25, 0.44, 0.77, 0.49, 1.7, 0.68, 0.27, 1.41, 1.05)
[[ 0.272  0.728]
 [ 0.373  0.627]
 [ 0.394  0.606]
 ..., 
 [ 0.96   0.04 ]
 [ 0.987  0.013]
 [ 0.993  0.007]]
Fold Wise AUPRC  [1.00, 1.00, 1.00, 1.00, 1.00]
AUC -   0.9999 		AUPRC -   0.9860 

      Threshold       Precision          Recall        F1-Score     Skill Score         FP         FN         TP         TN
         0.4250          0.9677          0.9091          0.9375          0.9088          1          3         30       3926
         0.2350          0.7857          1.0000          0.8800          0.9977          9          0         33       3918
         0.2500          0.7805          0.9697          0.8649          0.9674          9          1         32       3918
         0.5000          1.0000          0.8182          0.9000          0.8182          0          6         27       3927
         0.7500          1.0000          0.0909          0.1667          0.0909          0         30          3       3927



Hyper-Parameters: 
 - ensemble__weights.............: (0.7000000000000001, 0.35000000000000003, 0.55, 1.1, 1.05, 0.6000000000000001, 0.30000000000000004, 0.25, 1.8, 0.7000000000000001, 1.6, 1.35, 1.2000000000000002)
 - ensemble__powers..............: (0.49, 0.38, 0.75, 0.52, 0.54, 0.27, 1.92, 0.39, 1.35, 0.56, 0.44, 0.25, 1.59)
[[ 0.339  0.661]
 [ 0.439  0.561]
 [ 0.496  0.504]
 ..., 
 [ 0.973  0.027]
 [ 0.99   0.01 ]
 [ 0.996  0.004]]
Fold Wise AUPRC  [1.00, 1.00, 1.00, 1.00, 0.98]
AUC -   0.9998 		AUPRC -   0.9777 

      Threshold       Precision          Recall        F1-Score     Skill Score         FP         FN         TP         TN
         0.4120          0.9667          0.8788          0.9206          0.8785          1          4         29       3926
         0.1830          0.7021          1.0000          0.8250          0.9964         14          0         33       3913
         0.2500          0.7805          0.9697          0.8649          0.9674          9          1         32       3918
         0.5000          1.0000          0.8485          0.9180          0.8485          0          5         28       3927
         0.7500          1.0000          0.0909          0.1667          0.0909          0         30          3       3927



Hyper-Parameters: 
 - ensemble__weights.............: (0.4, 0.15000000000000002, 1.1500000000000001, 1.2000000000000002, 0.7000000000000001, 0.05, 0.0, 2.0, 0.25, 0.4, 1.7000000000000002, 1.25, 1.8)
 - ensemble__powers..............: (0.61, 0.25, 0.91, 1.56, 0.39, 0.25, 1.44, 1.31, 1.99, 0.56, 0.26, 0.3, 0.75)
[[ 0.308  0.692]
 [ 0.455  0.545]
 [ 0.458  0.542]
 ..., 
 [ 0.83   0.17 ]
 [ 0.981  0.019]
 [ 0.982  0.018]]
Fold Wise AUPRC  [1.00, 1.00, 1.00, 1.00, 0.86]
AUC -   0.9992 		AUPRC -   0.9649 

      Threshold       Precision          Recall        F1-Score     Skill Score         FP         FN         TP         TN
         0.4470          1.0000          0.8788          0.9355          0.8788          0          4         29       3927
         0.1580          0.2895          1.0000          0.4490          0.9794         81          0         33       3846
         0.2500          0.6667          0.9697          0.7901          0.9656         16          1         32       3911
         0.5000          1.0000          0.8182          0.9000          0.8182          0          6         27       3927
         0.7500          1.0000          0.0606          0.1143          0.0606          0         31          2       3927



Hyper-Parameters: 
 - ensemble__weights.............: (0.8500000000000001, 1.9000000000000001, 0.9, 0.2, 0.55, 0.75, 0.7000000000000001, 0.65, 1.6500000000000001, 1.0, 1.55, 1.4000000000000001, 1.75)
 - ensemble__powers..............: (0.46, 0.39, 0.4, 0.71, 0.35000000000000003, 0.35000000000000003, 1.1500000000000001, 0.28, 0.74, 0.41000000000000003, 1.55, 0.44, 1.62)
[[ 0.284  0.716]
 [ 0.368  0.632]
 [ 0.487  0.513]
 ..., 
 [ 0.944  0.056]
 [ 0.993  0.007]
 [ 0.995  0.005]]
Fold Wise AUPRC  [0.97, 1.00, 1.00, 1.00, 0.93]
AUC -   0.9996 		AUPRC -   0.9669 

      Threshold       Precision          Recall        F1-Score     Skill Score         FP         FN         TP         TN
         0.4060          0.8857          0.9394          0.9118          0.9384          4          2         31       3923
         0.1430          0.6000          1.0000          0.7500          0.9944         22          0         33       3905
         0.2500          0.7949          0.9394          0.8611          0.9374          8          2         31       3919
         0.5000          0.9333          0.8485          0.8889          0.8480          2          5         28       3925
         0.7500          1.0000          0.3636          0.5333          0.3636          0         21         12       3927



Hyper-Parameters: 
 - ensemble__weights.............: (0.2, 0.65, 0.45, 0.65, 1.35, 1.05, 0.75, 1.5, 1.5, 0.9500000000000001, 0.8500000000000001, 1.6, 1.5)
 - ensemble__powers..............: (1.07, 0.34, 1.6500000000000001, 1.95, 0.42, 1.02, 0.47000000000000003, 0.61, 1.12, 0.48, 1.12, 0.56, 0.91)
[[ 0.302  0.698]
 [ 0.379  0.621]
 [ 0.42   0.58 ]
 ..., 
 [ 0.878  0.122]
 [ 0.993  0.007]
 [ 0.993  0.007]]
Fold Wise AUPRC  [1.00, 1.00, 1.00, 1.00, 0.93]
AUC -   0.9996 		AUPRC -   0.9669 

      Threshold       Precision          Recall        F1-Score     Skill Score         FP         FN         TP         TN
         0.5380          1.0000          0.8788          0.9355          0.8788          0          4         29       3927
         0.2030          0.5690          1.0000          0.7253          0.9936         25          0         33       3902
         0.2500          0.7381          0.9394          0.8267          0.9366         11          2         31       3916
         0.5000          0.9667          0.8788          0.9206          0.8785          1          4         29       3926
         0.7500          1.0000          0.2424          0.3902          0.2424          0         25          8       3927



Hyper-Parameters: 
 - ensemble__weights.............: (1.1, 0.8500000000000001, 0.65, 1.4000000000000001, 0.8, 0.30000000000000004, 0.55, 0.45, 0.1, 0.15000000000000002, 0.75, 1.85, 1.25)
 - ensemble__powers..............: (0.4, 0.61, 0.81, 1.05, 0.28, 0.29, 0.33, 0.8200000000000001, 0.64, 0.88, 0.78, 0.47000000000000003, 1.35)
[[ 0.483  0.517]
 [ 0.604  0.396]
 [ 0.518  0.482]
 ..., 
 [ 0.954  0.046]
 [ 0.988  0.012]
 [ 0.992  0.008]]
Fold Wise AUPRC  [0.83, 1.00, 1.00, 1.00, 1.00]
AUC -   0.9995 		AUPRC -   0.9411 

      Threshold       Precision          Recall        F1-Score     Skill Score         FP         FN         TP         TN
         0.3060          0.8333          0.9091          0.8696          0.9076          6          3         30       3921
         0.1890          0.7674          1.0000          0.8684          0.9975         10          0         33       3917
         0.2500          0.7949          0.9394          0.8611          0.9374          8          2         31       3919
         0.5000          1.0000          0.6061          0.7547          0.6061          0         13         20       3927
         0.7500          0.0000          0.0000          0.0000          0.0000          0         33          0       3927



Hyper-Parameters: 
 - ensemble__weights.............: (0.55, 0.75, 0.0, 1.7000000000000002, 0.0, 1.3, 1.2000000000000002, 1.25, 1.3, 1.1500000000000001, 1.85, 1.5, 1.0)
 - ensemble__powers..............: (0.25, 0.43, 0.31, 0.5700000000000001, 0.26, 0.42, 0.78, 0.32, 0.37, 0.71, 0.63, 0.98, 1.17)
[[ 0.18   0.82 ]
 [ 0.243  0.757]
 [ 0.389  0.611]
 ..., 
 [ 0.899  0.101]
 [ 0.995  0.005]
 [ 0.995  0.005]]
Fold Wise AUPRC  [1.00, 1.00, 1.00, 1.00, 1.00]
AUC -   0.9998 		AUPRC -   0.9809 

      Threshold       Precision          Recall        F1-Score     Skill Score         FP         FN         TP         TN
         0.4200          0.9118          0.9394          0.9254          0.9386          3          2         31       3924
         0.2990          0.7674          1.0000          0.8684          0.9975         10          0         33       3917
         0.2500          0.7021          1.0000          0.8250          0.9964         14          0         33       3913
         0.5000          0.9355          0.8788          0.9062          0.8783          2          4         29       3925
         0.7500          1.0000          0.4242          0.5957          0.4242          0         19         14       3927



Hyper-Parameters: 
 - ensemble__weights.............: (1.5, 0.45, 1.1, 1.0, 0.9, 1.5, 0.1, 0.5, 0.35000000000000003, 0.55, 1.7000000000000002, 0.5, 0.8500000000000001)
 - ensemble__powers..............: (0.63, 1.48, 1.18, 0.93, 0.53, 0.55, 0.6900000000000001, 1.12, 0.96, 0.38, 0.32, 0.36, 0.8)
[[ 0.463  0.537]
 [ 0.581  0.419]
 [ 0.651  0.349]
 ..., 
 [ 0.944  0.056]
 [ 0.981  0.019]
 [ 0.987  0.013]]
Fold Wise AUPRC  [0.64, 1.00, 1.00, 1.00, 0.96]
AUC -   0.9993 		AUPRC -   0.9212 

      Threshold       Precision          Recall        F1-Score     Skill Score         FP         FN         TP         TN
         0.2660          0.8205          0.9697          0.8889          0.9679          7          1         32       3920
         0.1510          0.6226          1.0000          0.7674          0.9949         20          0         33       3907
         0.2500          0.8000          0.9697          0.8767          0.9677          8          1         32       3919
         0.5000          0.8636          0.5758          0.6909          0.5750          3         14         19       3924
         0.7500          1.0000          0.1212          0.2162          0.1212          0         29          4       3927



Hyper-Parameters: 
 - ensemble__weights.............: (1.05, 1.35, 0.15000000000000002, 2.0, 1.5, 0.9500000000000001, 1.6500000000000001, 0.35000000000000003, 1.0, 0.9, 1.25, 1.0, 1.9000000000000001)
 - ensemble__powers..............: (0.53, 0.54, 0.58, 1.24, 0.81, 0.37, 0.96, 0.51, 1.6, 0.74, 0.37, 0.6900000000000001, 1.08)
[[ 0.249  0.751]
 [ 0.323  0.677]
 [ 0.443  0.557]
 ..., 
 [ 0.966  0.034]
 [ 0.989  0.011]
 [ 0.993  0.007]]
Fold Wise AUPRC  [0.75, 1.00, 1.00, 1.00, 1.00]
AUC -   0.9996 		AUPRC -   0.9524 

      Threshold       Precision          Recall        F1-Score     Skill Score         FP         FN         TP         TN
         0.4400          0.8378          0.9394          0.8857          0.9379          6          2         31       3921
         0.2930          0.7857          1.0000          0.8800          0.9977          9          0         33       3918
         0.2500          0.7333          1.0000          0.8462          0.9969         12          0         33       3915
         0.5000          0.8529          0.8788          0.8657          0.8775          5          4         29       3922
         0.7500          1.0000          0.5152          0.6800          0.5152          0         16         17       3927



Hyper-Parameters: 
 - ensemble__weights.............: (0.35000000000000003, 0.6000000000000001, 0.35000000000000003, 1.6, 0.35000000000000003, 0.6000000000000001, 1.05, 0.1, 0.65, 0.7000000000000001, 0.25, 1.8, 1.7000000000000002)
 - ensemble__powers..............: (1.76, 0.74, 0.4, 0.49, 0.65, 0.75, 1.6300000000000001, 0.77, 1.1500000000000001, 0.91, 0.84, 0.85, 0.99)
[[ 0.431  0.569]
 [ 0.534  0.466]
 [ 0.464  0.536]
 ..., 
 [ 0.974  0.026]
 [ 0.978  0.022]
 [ 0.983  0.017]]
Fold Wise AUPRC  [1.00, 1.00, 1.00, 1.00, 1.00]
AUC -   0.9998 		AUPRC -   0.9785 

      Threshold       Precision          Recall        F1-Score     Skill Score         FP         FN         TP         TN
         0.4230          1.0000          0.8485          0.9180          0.8485          0          5         28       3927
         0.2270          0.7857          1.0000          0.8800          0.9977          9          0         33       3918
         0.2500          0.7805          0.9697          0.8649          0.9674          9          1         32       3918
         0.5000          1.0000          0.5152          0.6800          0.5152          0         16         17       3927
         0.7500          0.0000          0.0000          0.0000          0.0000          0         33          0       3927



Hyper-Parameters: 
 - ensemble__weights.............: (0.8500000000000001, 0.2, 0.5, 0.8500000000000001, 1.6500000000000001, 1.8, 0.4, 1.85, 1.6, 0.45, 0.65, 0.05, 1.1)
 - ensemble__powers..............: (0.59, 0.28, 0.28, 0.42, 0.33, 0.49, 0.37, 0.28, 0.52, 0.6, 0.45, 0.56, 0.49)
[[ 0.422  0.578]
 [ 0.482  0.518]
 [ 0.519  0.481]
 ..., 
 [ 0.851  0.149]
 [ 0.992  0.008]
 [ 0.992  0.008]]
Fold Wise AUPRC  [0.61, 1.00, 1.00, 1.00, 0.79]
AUC -   0.9989 		AUPRC -   0.9128 

      Threshold       Precision          Recall        F1-Score     Skill Score         FP         FN         TP         TN
         0.4590          0.8571          0.9091          0.8824          0.9078          5          3         30       3922
         0.1600          0.4231          1.0000          0.5946          0.9885         45          0         33       3882
         0.2500          0.7381          0.9394          0.8267          0.9366         11          2         31       3916
         0.5000          0.8387          0.7879          0.8125          0.7866          5          7         26       3922
         0.7500          1.0000          0.2121          0.3500          0.2121          0         26          7       3927



Hyper-Parameters: 
 - ensemble__weights.............: (0.75, 1.1500000000000001, 2.0, 1.35, 1.8, 0.8500000000000001, 0.9500000000000001, 1.05, 0.75, 1.1, 1.1, 1.1500000000000001, 2.0)
 - ensemble__powers..............: (1.1300000000000001, 1.06, 0.47000000000000003, 0.63, 1.24, 0.58, 1.27, 0.37, 1.29, 1.31, 1.05, 1.6, 1.23)
[[ 0.166  0.834]
 [ 0.362  0.638]
 [ 0.354  0.646]
 ..., 
 [ 0.91   0.09 ]
 [ 0.99   0.01 ]
 [ 0.99   0.01 ]]
Fold Wise AUPRC  [0.71, 1.00, 1.00, 1.00, 1.00]
AUC -   0.9994 		AUPRC -   0.9309 

      Threshold       Precision          Recall        F1-Score     Skill Score         FP         FN         TP         TN
         0.5350          0.8333          0.9091          0.8696          0.9076          6          3         30       3921
         0.2550          0.7333          1.0000          0.8462          0.9969         12          0         33       3915
         0.2500          0.7174          1.0000          0.8354          0.9967         13          0         33       3914
         0.5000          0.8108          0.9091          0.8571          0.9073          7          3         30       3920
         0.7500          0.9500          0.5758          0.7170          0.5755          1         14         19       3926



Hyper-Parameters: 
 - ensemble__weights.............: (1.2000000000000002, 0.35000000000000003, 1.25, 0.65, 0.5, 0.1, 1.4000000000000001, 1.35, 1.9500000000000002, 0.25, 1.75, 0.30000000000000004, 1.4500000000000002)
 - ensemble__powers..............: (0.73, 0.46, 0.99, 0.55, 0.5700000000000001, 0.25, 0.64, 1.01, 0.66, 0.52, 0.37, 0.32, 1.8800000000000001)
[[ 0.202  0.798]
 [ 0.321  0.679]
 [ 0.377  0.623]
 ..., 
 [ 0.885  0.115]
 [ 0.989  0.011]
 [ 0.992  0.008]]
Fold Wise AUPRC  [1.00, 1.00, 1.00, 1.00, 0.87]
AUC -   0.9995 		AUPRC -   0.9689 

      Threshold       Precision          Recall        F1-Score     Skill Score         FP         FN         TP         TN
         0.5580          1.0000          0.9091          0.9524          0.9091          0          3         30       3927
         0.2030          0.5000          1.0000          0.6667          0.9916         33          0         33       3894
         0.2500          0.5962          0.9394          0.7294          0.9340         21          2         31       3906
         0.5000          0.9091          0.9091          0.9091          0.9083          3          3         30       3924
         0.7500          1.0000          0.5152          0.6800          0.5152          0         16         17       3927



Hyper-Parameters: 
 - ensemble__weights.............: (0.65, 0.9, 0.75, 0.55, 1.3, 0.30000000000000004, 0.2, 1.4500000000000002, 1.8, 1.25, 1.5, 1.9000000000000001, 0.65)
 - ensemble__powers..............: (1.46, 1.26, 1.4000000000000001, 0.33, 1.02, 1.29, 0.81, 0.46, 1.99, 0.31, 0.6, 0.28, 0.54)
[[ 0.244  0.756]
 [ 0.344  0.656]
 [ 0.415  0.585]
 ..., 
 [ 0.881  0.119]
 [ 0.993  0.007]
 [ 0.995  0.005]]
Fold Wise AUPRC  [1.00, 1.00, 1.00, 1.00, 0.96]
AUC -   0.9997 		AUPRC -   0.9703 

      Threshold       Precision          Recall        F1-Score     Skill Score         FP         FN         TP         TN
         0.4810          0.9667          0.8788          0.9206          0.8785          1          4         29       3926
         0.1690          0.6000          1.0000          0.7500          0.9944         22          0         33       3905
         0.2500          0.7273          0.9697          0.8312          0.9666         12          1         32       3915
         0.5000          1.0000          0.8485          0.9180          0.8485          0          5         28       3927
         0.7500          1.0000          0.3030          0.4651          0.3030          0         23         10       3927



Hyper-Parameters: 
 - ensemble__weights.............: (0.9, 1.5, 0.2, 0.25, 0.8, 0.5, 0.9, 0.0, 0.8, 0.75, 1.6, 1.4000000000000001, 1.6500000000000001)
 - ensemble__powers..............: (0.66, 1.25, 1.6600000000000001, 0.75, 0.79, 1.04, 0.27, 0.37, 0.89, 0.52, 0.25, 0.77, 0.65)
[[ 0.445  0.555]
 [ 0.481  0.519]
 [ 0.633  0.367]
 ..., 
 [ 0.988  0.012]
 [ 0.988  0.012]
 [ 0.989  0.011]]
Fold Wise AUPRC  [0.96, 1.00, 1.00, 1.00, 0.95]
AUC -   0.9997 		AUPRC -   0.9747 

      Threshold       Precision          Recall        F1-Score     Skill Score         FP         FN         TP         TN
         0.3560          0.9091          0.9091          0.9091          0.9083          3          3         30       3924
         0.1640          0.7021          1.0000          0.8250          0.9964         14          0         33       3913
         0.2500          0.8611          0.9394          0.8986          0.9381          5          2         31       3922
         0.5000          1.0000          0.6061          0.7547          0.6061          0         13         20       3927
         0.7500          1.0000          0.0606          0.1143          0.0606          0         31          2       3927



Hyper-Parameters: 
 - ensemble__weights.............: (1.1, 0.55, 0.6000000000000001, 0.0, 0.65, 1.0, 0.8, 1.6, 0.35000000000000003, 1.4000000000000001, 1.2000000000000002, 0.75, 1.85)
 - ensemble__powers..............: (0.93, 0.68, 1.29, 0.46, 0.6900000000000001, 0.33, 0.49, 0.6, 0.76, 1.57, 0.52, 0.6, 1.53)
[[ 0.365  0.635]
 [ 0.436  0.564]
 [ 0.586  0.414]
 ..., 
 [ 0.866  0.134]
 [ 0.985  0.015]
 [ 0.987  0.013]]
Fold Wise AUPRC  [0.96, 1.00, 1.00, 1.00, 0.85]
AUC -   0.9995 		AUPRC -   0.9656 

      Threshold       Precision          Recall        F1-Score     Skill Score         FP         FN         TP         TN
         0.3840          0.9375          0.9091          0.9231          0.9086          2          3         30       3925
         0.1800          0.4925          1.0000          0.6600          0.9913         34          0         33       3893
         0.2500          0.7209          0.9394          0.8158          0.9363         12          2         31       3915
         0.5000          1.0000          0.7879          0.8814          0.7879          0          7         26       3927
         0.7500          1.0000          0.1515          0.2632          0.1515          0         28          5       3927



Hyper-Parameters: 
 - ensemble__weights.............: (0.0, 2.0, 1.6, 0.4, 0.45, 1.2000000000000002, 0.5, 0.8500000000000001, 1.8, 0.15000000000000002, 0.9500000000000001, 0.45, 0.8)
 - ensemble__powers..............: (0.39, 0.34, 0.33, 1.5, 0.44, 0.3, 0.34, 1.72, 1.07, 1.12, 0.71, 0.41000000000000003, 1.71)
[[ 0.396  0.604]
 [ 0.506  0.494]
 [ 0.512  0.488]
 ..., 
 [ 0.928  0.072]
 [ 0.992  0.008]
 [ 0.995  0.005]]
Fold Wise AUPRC  [0.72, 1.00, 1.00, 1.00, 0.89]
AUC -   0.9992 		AUPRC -   0.9186 

      Threshold       Precision          Recall        F1-Score     Skill Score         FP         FN         TP         TN
         0.3440          0.8333          0.9091          0.8696          0.9076          6          3         30       3921
         0.1130          0.4714          1.0000          0.6408          0.9906         37          0         33       3890
         0.2500          0.7692          0.9091          0.8333          0.9068          9          3         30       3918
         0.5000          0.8400          0.6364          0.7241          0.6353          4         12         21       3923
         0.7500          1.0000          0.1212          0.2162          0.1212          0         29          4       3927



Hyper-Parameters: 
 - ensemble__weights.............: (0.5, 1.25, 1.8, 1.5, 0.1, 0.25, 1.75, 0.65, 1.25, 0.8500000000000001, 2.0, 1.05, 1.35)
 - ensemble__powers..............: (0.34, 0.51, 0.43, 1.11, 0.49, 0.51, 1.1, 0.31, 1.74, 0.81, 0.31, 1.83, 0.85)
[[ 0.06   0.94 ]
 [ 0.235  0.765]
 [ 0.295  0.705]
 ..., 
 [ 0.936  0.064]
 [ 0.986  0.014]
 [ 0.988  0.012]]
Fold Wise AUPRC  [1.00, 1.00, 1.00, 1.00, 0.98]
AUC -   0.9997 		AUPRC -   0.9734 

      Threshold       Precision          Recall        F1-Score     Skill Score         FP         FN         TP         TN
         0.5150          0.9091          0.9091          0.9091          0.9083          3          3         30       3924
         0.3220          0.7500          1.0000          0.8571          0.9972         11          0         33       3916
         0.2500          0.7021          1.0000          0.8250          0.9964         14          0         33       3913
         0.5000          0.8571          0.9091          0.8824          0.9078          5          3         30       3922
         0.7500          1.0000          0.6364          0.7778          0.6364          0         12         21       3927



Hyper-Parameters: 
 - ensemble__weights.............: (0.15000000000000002, 1.05, 0.05, 1.8, 0.05, 0.4, 1.9000000000000001, 1.7000000000000002, 0.6000000000000001, 1.3, 1.35, 1.2000000000000002, 0.9500000000000001)
 - ensemble__powers..............: (0.27, 0.41000000000000003, 0.35000000000000003, 0.28, 0.92, 0.74, 0.9500000000000001, 0.41000000000000003, 0.61, 0.98, 0.99, 1.18, 0.71)
[[ 0.162  0.838]
 [ 0.216  0.784]
 [ 0.366  0.634]
 ..., 
 [ 0.851  0.149]
 [ 0.98   0.02 ]
 [ 0.981  0.019]]
Fold Wise AUPRC  [1.00, 1.00, 1.00, 1.00, 0.98]
AUC -   0.9998 		AUPRC -   0.9814 

      Threshold       Precision          Recall        F1-Score     Skill Score         FP         FN         TP         TN
         0.4780          0.9375          0.9091          0.9231          0.9086          2          3         30       3925
         0.3440          0.7857          1.0000          0.8800          0.9977          9          0         33       3918
         0.2500          0.5238          1.0000          0.6875          0.9924         30          0         33       3897
         0.5000          0.9355          0.8788          0.9062          0.8783          2          4         29       3925
         0.7500          1.0000          0.4242          0.5957          0.4242          0         19         14       3927



Hyper-Parameters: 
 - ensemble__weights.............: (1.3, 1.7000000000000002, 0.8500000000000001, 1.1, 1.1, 0.75, 1.6, 0.55, 1.1, 1.1500000000000001, 1.9000000000000001, 1.7000000000000002, 1.05)
 - ensemble__powers..............: (0.47000000000000003, 0.96, 0.84, 1.7, 0.6, 0.87, 0.88, 0.27, 0.53, 0.35000000000000003, 0.28, 0.48, 1.99)
[[ 0.176  0.824]
 [ 0.282  0.718]
 [ 0.394  0.606]
 ..., 
 [ 0.951  0.049]
 [ 0.991  0.009]
 [ 0.993  0.007]]
Fold Wise AUPRC  [0.92, 1.00, 1.00, 1.00, 0.95]
AUC -   0.9996 		AUPRC -   0.9612 

      Threshold       Precision          Recall        F1-Score     Skill Score         FP         FN         TP         TN
         0.4440          0.8611          0.9394          0.8986          0.9381          5          2         31       3922
         0.2720          0.7500          1.0000          0.8571          0.9972         11          0         33       3916
         0.2500          0.7021          1.0000          0.8250          0.9964         14          0         33       3913
         0.5000          0.8529          0.8788          0.8657          0.8775          5          4         29       3922
         0.7500          1.0000          0.5152          0.6800          0.5152          0         16         17       3927



Hyper-Parameters: 
 - ensemble__weights.............: (0.25, 0.75, 0.2, 1.6500000000000001, 1.9500000000000002, 0.05, 1.1, 0.30000000000000004, 0.0, 0.0, 0.75, 1.55, 1.4500000000000002)
 - ensemble__powers..............: (0.32, 0.65, 0.6900000000000001, 0.87, 1.33, 0.44, 0.28, 0.54, 1.49, 0.77, 0.35000000000000003, 0.91, 1.37)
[[ 0.507  0.493]
 [ 0.584  0.416]
 [ 0.548  0.452]
 ..., 
 [ 0.97   0.03 ]
 [ 0.991  0.009]
 [ 0.994  0.006]]
Fold Wise AUPRC  [0.81, 1.00, 1.00, 1.00, 1.00]
AUC -   0.9996 		AUPRC -   0.9516 

      Threshold       Precision          Recall        F1-Score     Skill Score         FP         FN         TP         TN
         0.2060          0.7857          1.0000          0.8800          0.9977          9          0         33       3918
         0.2060          0.7857          1.0000          0.8800          0.9977          9          0         33       3918
         0.2500          0.7750          0.9394          0.8493          0.9371          9          2         31       3918
         0.5000          1.0000          0.5152          0.6800          0.5152          0         16         17       3927
         0.7500          0.0000          0.0000          0.0000          0.0000          0         33          0       3927



Hyper-Parameters: 
 - ensemble__weights.............: (0.8, 1.1, 0.1, 2.0, 0.15000000000000002, 1.1, 1.4000000000000001, 0.2, 1.35, 1.05, 0.45, 0.25, 1.25)
 - ensemble__powers..............: (0.42, 0.48, 0.61, 0.76, 1.01, 0.8200000000000001, 0.53, 0.76, 0.27, 0.59, 1.24, 1.46, 0.5700000000000001)
[[ 0.354  0.646]
 [ 0.407  0.593]
 [ 0.502  0.498]
 ..., 
 [ 0.972  0.028]
 [ 0.982  0.018]
 [ 0.989  0.011]]
Fold Wise AUPRC  [0.80, 1.00, 1.00, 1.00, 1.00]
AUC -   0.9996 		AUPRC -   0.9545 

      Threshold       Precision          Recall        F1-Score     Skill Score         FP         FN         TP         TN
         0.3630          0.8421          0.9697          0.9014          0.9682          6          1         32       3921
         0.2460          0.7857          1.0000          0.8800          0.9977          9          0         33       3918
         0.2500          0.7857          1.0000          0.8800          0.9977          9          0         33       3918
         0.5000          0.9286          0.7879          0.8525          0.7874          2          7         26       3925
         0.7500          1.0000          0.1818          0.3077          0.1818          0         27          6       3927



Hyper-Parameters: 
 - ensemble__weights.............: (1.6, 1.35, 1.4000000000000001, 1.75, 0.30000000000000004, 0.2, 1.25, 0.9500000000000001, 0.8500000000000001, 0.65, 1.4500000000000002, 0.9500000000000001, 0.65)
 - ensemble__powers..............: (0.3, 0.55, 0.27, 0.35000000000000003, 1.35, 0.37, 1.47, 0.3, 0.44, 0.6900000000000001, 0.42, 1.01, 0.93)
[[ 0.203  0.797]
 [ 0.358  0.642]
 [ 0.38   0.62 ]
 ..., 
 [ 0.911  0.089]
 [ 0.982  0.018]
 [ 0.985  0.015]]
Fold Wise AUPRC  [0.87, 1.00, 1.00, 1.00, 1.00]
AUC -   0.9995 		AUPRC -   0.9478 

      Threshold       Precision          Recall        F1-Score     Skill Score         FP         FN         TP         TN
         0.4900          0.8571          0.9091          0.8824          0.9078          5          3         30       3922
         0.2980          0.7674          1.0000          0.8684          0.9975         10          0         33       3917
         0.2500          0.7174          1.0000          0.8354          0.9967         13          0         33       3914
         0.5000          0.8529          0.8788          0.8657          0.8775          5          4         29       3922
         0.7500          1.0000          0.5152          0.6800          0.5152          0         16         17       3927



Hyper-Parameters: 
 - ensemble__weights.............: (0.55, 1.85, 0.35000000000000003, 1.9000000000000001, 0.9, 0.65, 0.9, 0.5, 1.0, 1.5, 1.6500000000000001, 0.15000000000000002, 2.0)
 - ensemble__powers..............: (0.53, 0.88, 0.49, 0.4, 1.17, 0.66, 1.32, 0.46, 0.8, 1.93, 0.68, 1.17, 1.1500000000000001)
[[ 0.243  0.757]
 [ 0.308  0.692]
 [ 0.54   0.46 ]
 ..., 
 [ 0.948  0.052]
 [ 0.986  0.014]
 [ 0.989  0.011]]
Fold Wise AUPRC  [0.86, 1.00, 1.00, 1.00, 1.00]
AUC -   0.9997 		AUPRC -   0.9652 

      Threshold       Precision          Recall        F1-Score     Skill Score         FP         FN         TP         TN
         0.4150          0.8611          0.9394          0.8986          0.9381          5          2         31       3922
         0.3380          0.8049          1.0000          0.8919          0.9980          8          0         33       3919
         0.2500          0.7174          1.0000          0.8354          0.9967         13          0         33       3914
         0.5000          0.8750          0.8485          0.8615          0.8475          4          5         28       3923
         0.7500          1.0000          0.4545          0.6250          0.4545          0         18         15       3927



Hyper-Parameters: 
 - ensemble__weights.............: (0.7000000000000001, 0.4, 0.45, 1.2000000000000002, 0.5, 0.35000000000000003, 0.30000000000000004, 0.2, 1.5, 0.8500000000000001, 1.8, 1.5, 1.55)
 - ensemble__powers..............: (0.33, 0.29, 0.74, 0.67, 0.28, 0.27, 0.75, 0.35000000000000003, 1.9000000000000001, 0.44, 0.3, 1.32, 1.41)
[[ 0.319  0.681]
 [ 0.417  0.583]
 [ 0.5    0.5  ]
 ..., 
 [ 0.973  0.027]
 [ 0.985  0.015]
 [ 0.993  0.007]]
Fold Wise AUPRC  [1.00, 1.00, 1.00, 1.00, 0.98]
AUC -   0.9998 		AUPRC -   0.9857 

      Threshold       Precision          Recall        F1-Score     Skill Score         FP         FN         TP         TN
         0.3570          0.9688          0.9394          0.9538          0.9391          1          2         31       3926
         0.2010          0.7021          1.0000          0.8250          0.9964         14          0         33       3913
         0.2500          0.8000          0.9697          0.8767          0.9677          8          1         32       3919
         0.5000          1.0000          0.8182          0.9000          0.8182          0          6         27       3927
         0.7500          1.0000          0.0606          0.1143          0.0606          0         31          2       3927



Hyper-Parameters: 
 - ensemble__weights.............: (0.45, 0.25, 0.45, 1.2000000000000002, 0.5, 0.35000000000000003, 0.35000000000000003, 0.05, 1.5, 0.5, 1.9000000000000001, 1.4500000000000002, 1.55)
 - ensemble__powers..............: (0.37, 0.29, 0.76, 1.21, 0.29, 0.27, 0.6, 0.36, 1.34, 0.43, 0.34, 1.33, 1.47)
[[ 0.355  0.645]
 [ 0.451  0.549]
 [ 0.514  0.486]
 ..., 
 [ 0.981  0.019]
 [ 0.985  0.015]
 [ 0.99   0.01 ]]
Fold Wise AUPRC  [1.00, 1.00, 1.00, 1.00, 0.98]
AUC -   0.9998 		AUPRC -   0.9866 

      Threshold       Precision          Recall        F1-Score     Skill Score         FP         FN         TP         TN
         0.3220          0.9688          0.9394          0.9538          0.9391          1          2         31       3926
         0.1860          0.6735          1.0000          0.8049          0.9959         16          0         33       3911
         0.2500          0.8000          0.9697          0.8767          0.9677          8          1         32       3919
         0.5000          1.0000          0.7273          0.8421          0.7273          0          9         24       3927
         0.7500          1.0000          0.0606          0.1143          0.0606          0         31          2       3927



Hyper-Parameters: 
 - ensemble__weights.............: (0.7000000000000001, 0.1, 0.7000000000000001, 0.9500000000000001, 0.75, 0.55, 0.15000000000000002, 0.15000000000000002, 1.9000000000000001, 0.8, 1.6500000000000001, 1.6500000000000001, 1.4000000000000001)
 - ensemble__powers..............: (0.44, 0.34, 0.96, 0.84, 0.41000000000000003, 0.32, 0.7000000000000001, 0.4, 1.9100000000000001, 0.27, 0.28, 1.6, 1.75)
[[ 0.339  0.661]
 [ 0.456  0.544]
 [ 0.486  0.514]
 ..., 
 [ 0.977  0.023]
 [ 0.986  0.014]
 [ 0.993  0.007]]
Fold Wise AUPRC  [1.00, 1.00, 1.00, 1.00, 0.98]
AUC -   0.9998 		AUPRC -   0.9824 

      Threshold       Precision          Recall        F1-Score     Skill Score         FP         FN         TP         TN
         0.3510          0.9688          0.9394          0.9538          0.9391          1          2         31       3926
         0.1560          0.6735          1.0000          0.8049          0.9959         16          0         33       3911
         0.2500          0.8205          0.9697          0.8889          0.9679          7          1         32       3920
         0.5000          1.0000          0.8485          0.9180          0.8485          0          5         28       3927
         0.7500          1.0000          0.0606          0.1143          0.0606          0         31          2       3927



Hyper-Parameters: 
 - ensemble__weights.............: (0.45, 0.2, 0.25, 1.3, 0.05, 0.45, 0.0, 0.05, 1.25, 0.5, 1.9500000000000002, 1.35, 1.75)
 - ensemble__powers..............: (0.25, 1.07, 0.86, 1.28, 0.25, 0.41000000000000003, 0.43, 0.43, 1.19, 0.39, 0.34, 1.8, 1.28)
[[ 0.418  0.582]
 [ 0.49   0.51 ]
 [ 0.583  0.417]
 ..., 
 [ 0.98   0.02 ]
 [ 0.985  0.015]
 [ 0.986  0.014]]
Fold Wise AUPRC  [1.00, 1.00, 1.00, 1.00, 0.98]
AUC -   0.9999 		AUPRC -   0.9889 

      Threshold       Precision          Recall        F1-Score     Skill Score         FP         FN         TP         TN
         0.3010          1.0000          0.9697          0.9846          0.9697          0          1         32       3927
         0.1540          0.6346          1.0000          0.7765          0.9952         19          0         33       3908
         0.2500          0.8889          0.9697          0.9275          0.9687          4          1         32       3923
         0.5000          1.0000          0.6364          0.7778          0.6364          0         12         21       3927
         0.7500          0.0000          0.0000          0.0000          0.0000          0         33          0       3927



Hyper-Parameters: 
 - ensemble__weights.............: (0.35000000000000003, 0.0, 0.25, 0.75, 0.35000000000000003, 0.2, 0.25, 0.4, 1.05, 0.35000000000000003, 2.0, 1.25, 1.75)
 - ensemble__powers..............: (0.27, 1.07, 0.56, 1.36, 0.3, 0.39, 0.38, 0.44, 1.19, 0.38, 0.37, 1.83, 1.29)
[[ 0.444  0.556]
 [ 0.505  0.495]
 [ 0.606  0.394]
 ..., 
 [ 0.95   0.05 ]
 [ 0.979  0.021]
 [ 0.986  0.014]]
Fold Wise AUPRC  [1.00, 1.00, 1.00, 1.00, 0.96]
AUC -   0.9998 		AUPRC -   0.9869 

      Threshold       Precision          Recall        F1-Score     Skill Score         FP         FN         TP         TN
         0.2440          1.0000          0.9697          0.9846          0.9697          0          1         32       3927
         0.1200          0.5690          1.0000          0.7253          0.9936         25          0         33       3902
         0.2500          1.0000          0.9697          0.9846          0.9697          0          1         32       3927
         0.5000          1.0000          0.5758          0.7308          0.5758          0         14         19       3927
         0.7500          0.0000          0.0000          0.0000          0.0000          0         33          0       3927



Hyper-Parameters: 
 - ensemble__weights.............: (0.35000000000000003, 0.05, 0.25, 0.7000000000000001, 0.2, 0.1, 0.0, 0.35000000000000003, 1.05, 0.1, 2.0, 1.1, 1.9000000000000001)
 - ensemble__powers..............: (0.25, 1.56, 0.51, 1.3900000000000001, 0.31, 0.59, 0.31, 0.44, 1.18, 0.38, 0.38, 1.83, 1.01)
[[ 0.495  0.505]
 [ 0.547  0.453]
 [ 0.645  0.355]
 ..., 
 [ 0.95   0.05 ]
 [ 0.976  0.024]
 [ 0.982  0.018]]
Fold Wise AUPRC  [1.00, 1.00, 1.00, 1.00, 0.96]
AUC -   0.9998 		AUPRC -   0.9866 

      Threshold       Precision          Recall        F1-Score     Skill Score         FP         FN         TP         TN
         0.2060          1.0000          0.9697          0.9846          0.9697          0          1         32       3927
         0.0870          0.5500          1.0000          0.7097          0.9931         27          0         33       3900
         0.2500          1.0000          0.9394          0.9688          0.9394          0          2         31       3927
         0.5000          1.0000          0.2424          0.3902          0.2424          0         25          8       3927
         0.7500          0.0000          0.0000          0.0000          0.0000          0         33          0       3927



Hyper-Parameters: 
 - ensemble__weights.............: (0.1, 0.0, 0.35000000000000003, 0.75, 0.35000000000000003, 0.1, 0.05, 0.35000000000000003, 1.1, 0.1, 1.9500000000000002, 1.25, 1.9000000000000001)
 - ensemble__powers..............: (0.25, 1.76, 0.56, 1.3900000000000001, 0.32, 0.4, 0.43, 0.59, 1.01, 0.37, 0.49, 1.82, 1.3)
[[ 0.484  0.516]
 [ 0.552  0.448]
 [ 0.624  0.376]
 ..., 
 [ 0.951  0.049]
 [ 0.975  0.025]
 [ 0.983  0.017]]
Fold Wise AUPRC  [1.00, 1.00, 1.00, 1.00, 0.96]
AUC -   0.9998 		AUPRC -   0.9866 

      Threshold       Precision          Recall        F1-Score     Skill Score         FP         FN         TP         TN
         0.2140          1.0000          0.9697          0.9846          0.9697          0          1         32       3927
         0.0920          0.5593          1.0000          0.7174          0.9934         26          0         33       3901
         0.2500          1.0000          0.9394          0.9688          0.9394          0          2         31       3927
         0.5000          1.0000          0.3333          0.5000          0.3333          0         22         11       3927
         0.7500          0.0000          0.0000          0.0000          0.0000          0         33          0       3927



Hyper-Parameters: 
 - ensemble__weights.............: (0.05, 0.25, 0.35000000000000003, 0.4, 0.4, 0.2, 0.05, 0.0, 0.9500000000000001, 0.30000000000000004, 1.9000000000000001, 1.25, 1.75)
 - ensemble__powers..............: (0.27, 1.87, 0.5700000000000001, 1.99, 0.33, 0.4, 0.37, 0.9400000000000001, 0.88, 0.29, 0.5700000000000001, 1.51, 1.27)
[[ 0.523  0.477]
 [ 0.585  0.415]
 [ 0.68   0.32 ]
 ..., 
 [ 0.976  0.024]
 [ 0.978  0.022]
 [ 0.982  0.018]]
Fold Wise AUPRC  [1.00, 1.00, 1.00, 1.00, 0.96]
AUC -   0.9998 		AUPRC -   0.9869 

      Threshold       Precision          Recall        F1-Score     Skill Score         FP         FN         TP         TN
         0.2020          1.0000          0.9697          0.9846          0.9697          0          1         32       3927
         0.0830          0.5690          1.0000          0.7253          0.9936         25          0         33       3902
         0.2500          1.0000          0.9091          0.9524          0.9091          0          3         30       3927
         0.5000          1.0000          0.1212          0.2162          0.1212          0         29          4       3927
         0.7500          0.0000          0.0000          0.0000          0.0000          0         33          0       3927



Hyper-Parameters: 
 - ensemble__weights.............: (0.05, 0.05, 0.25, 0.35000000000000003, 0.15000000000000002, 0.2, 0.25, 0.6000000000000001, 0.9500000000000001, 0.25, 2.0, 1.05, 1.9500000000000002)
 - ensemble__powers..............: (0.28, 1.55, 0.52, 1.78, 0.34, 0.46, 0.39, 0.9, 0.7000000000000001, 0.29, 0.55, 1.52, 1.0)
[[ 0.491  0.509]
 [ 0.534  0.466]
 [ 0.655  0.345]
 ..., 
 [ 0.929  0.071]
 [ 0.976  0.024]
 [ 0.98   0.02 ]]
Fold Wise AUPRC  [1.00, 1.00, 1.00, 1.00, 0.90]
AUC -   0.9996 		AUPRC -   0.9817 

      Threshold       Precision          Recall        F1-Score     Skill Score         FP         FN         TP         TN
         0.2190          1.0000          0.9697          0.9846          0.9697          0          1         32       3927
         0.0890          0.3929          1.0000          0.5641          0.9870         51          0         33       3876
         0.2500          1.0000          0.9394          0.9688          0.9394          0          2         31       3927
         0.5000          1.0000          0.2424          0.3902          0.2424          0         25          8       3927
         0.7500          0.0000          0.0000          0.0000          0.0000          0         33          0       3927



Hyper-Parameters: 
 - ensemble__weights.............: (0.1, 0.05, 0.05, 0.15000000000000002, 0.2, 0.1, 0.6000000000000001, 0.6000000000000001, 1.1, 0.05, 1.9500000000000002, 1.1500000000000001, 1.9500000000000002)
 - ensemble__powers..............: (0.29, 1.61, 0.5, 1.78, 0.39, 0.6, 0.33, 1.1300000000000001, 0.7000000000000001, 0.26, 0.47000000000000003, 1.71, 0.78)
[[ 0.498  0.502]
 [ 0.527  0.473]
 [ 0.638  0.362]
 ..., 
 [ 0.928  0.072]
 [ 0.974  0.026]
 [ 0.977  0.023]]
Fold Wise AUPRC  [1.00, 1.00, 1.00, 1.00, 0.89]
AUC -   0.9996 		AUPRC -   0.9793 

      Threshold       Precision          Recall        F1-Score     Skill Score         FP         FN         TP         TN
         0.2210          1.0000          0.9394          0.9688          0.9394          0          2         31       3927
         0.0890          0.3708          1.0000          0.5410          0.9857         56          0         33       3871
         0.2500          1.0000          0.9394          0.9688          0.9394          0          2         31       3927
         0.5000          1.0000          0.2424          0.3902          0.2424          0         25          8       3927
         0.7500          0.0000          0.0000          0.0000          0.0000          0         33          0       3927



Hyper-Parameters: 
 - ensemble__weights.............: (0.1, 0.25, 1.0, 0.4, 0.4, 0.15000000000000002, 0.1, 0.7000000000000001, 0.9500000000000001, 0.25, 1.85, 0.9, 1.85)
 - ensemble__powers..............: (0.27, 1.81, 0.46, 1.98, 0.34, 0.53, 0.39, 0.91, 0.58, 0.29, 0.58, 1.24, 0.85)
[[ 0.431  0.569]
 [ 0.535  0.465]
 [ 0.597  0.403]
 ..., 
 [ 0.92   0.08 ]
 [ 0.975  0.025]
 [ 0.981  0.019]]
Fold Wise AUPRC  [1.00, 1.00, 1.00, 1.00, 0.90]
AUC -   0.9996 		AUPRC -   0.9762 

      Threshold       Precision          Recall        F1-Score     Skill Score         FP         FN         TP         TN
         0.2800          1.0000          0.9394          0.9688          0.9394          0          2         31       3927
         0.0890          0.3929          1.0000          0.5641          0.9870         51          0         33       3876
         0.2500          0.8611          0.9394          0.8986          0.9381          5          2         31       3922
         0.5000          1.0000          0.5758          0.7308          0.5758          0         14         19       3927
         0.7500          0.0000          0.0000          0.0000          0.0000          0         33          0       3927



Hyper-Parameters: 
 - ensemble__weights.............: (0.05, 0.1, 0.6000000000000001, 0.30000000000000004, 0.65, 0.25, 0.05, 0.5, 0.75, 0.35000000000000003, 1.75, 1.3, 1.9500000000000002)
 - ensemble__powers..............: (0.31, 1.85, 0.65, 1.82, 0.47000000000000003, 0.36, 0.45, 1.44, 1.03, 0.34, 0.51, 1.03, 1.22)
[[ 0.5    0.5  ]
 [ 0.586  0.414]
 [ 0.646  0.354]
 ..., 
 [ 0.937  0.063]
 [ 0.976  0.024]
 [ 0.98   0.02 ]]
Fold Wise AUPRC  [1.00, 1.00, 1.00, 1.00, 0.96]
AUC -   0.9997 		AUPRC -   0.9820 

      Threshold       Precision          Recall        F1-Score     Skill Score         FP         FN         TP         TN
         0.2270          1.0000          0.9394          0.9688          0.9394          0          2         31       3927
         0.0840          0.5077          1.0000          0.6735          0.9919         32          0         33       3895
         0.2500          1.0000          0.9394          0.9688          0.9394          0          2         31       3927
         0.5000          1.0000          0.3333          0.5000          0.3333          0         22         11       3927
         0.7500          0.0000          0.0000          0.0000          0.0000          0         33          0       3927



Hyper-Parameters: 
 - ensemble__weights.............: (0.2, 0.30000000000000004, 0.35000000000000003, 0.5, 1.0, 0.9, 0.45, 0.35000000000000003, 1.1500000000000001, 0.2, 1.5, 0.9500000000000001, 1.85)
 - ensemble__powers..............: (0.39, 1.35, 0.38, 1.62, 0.32, 0.46, 0.36, 1.23, 0.89, 0.29, 0.73, 1.1500000000000001, 0.96)
[[ 0.485  0.515]
 [ 0.545  0.455]
 [ 0.62   0.38 ]
 ..., 
 [ 0.957  0.043]
 [ 0.985  0.015]
 [ 0.989  0.011]]
Fold Wise AUPRC  [1.00, 1.00, 1.00, 1.00, 0.96]
AUC -   0.9997 		AUPRC -   0.9763 

      Threshold       Precision          Recall        F1-Score     Skill Score         FP         FN         TP         TN
         0.3640          1.0000          0.8788          0.9355          0.8788          0          4         29       3927
         0.1170          0.5690          1.0000          0.7253          0.9936         25          0         33       3902
         0.2500          0.8378          0.9394          0.8857          0.9379          6          2         31       3921
         0.5000          1.0000          0.5455          0.7059          0.5455          0         15         18       3927
         0.7500          0.0000          0.0000          0.0000          0.0000          0         33          0       3927



Hyper-Parameters: 
 - ensemble__weights.............: (0.05, 0.5, 0.5, 0.05, 0.15000000000000002, 0.0, 0.2, 0.25, 0.9, 0.0, 1.4000000000000001, 1.05, 1.7000000000000002)
 - ensemble__powers..............: (0.36, 1.86, 0.43, 1.46, 0.43, 0.31, 0.41000000000000003, 0.93, 0.51, 0.33, 0.55, 0.8, 1.05)
[[ 0.584  0.416]
 [ 0.64   0.36 ]
 [ 0.695  0.305]
 ..., 
 [ 0.959  0.041]
 [ 0.975  0.025]
 [ 0.983  0.017]]
Fold Wise AUPRC  [1.00, 1.00, 1.00, 1.00, 0.87]
AUC -   0.9992 		AUPRC -   0.9727 

      Threshold       Precision          Recall        F1-Score     Skill Score         FP         FN         TP         TN
         0.1790          1.0000          0.9394          0.9688          0.9394          0          2         31       3927
         0.0420          0.2558          1.0000          0.4074          0.9756         96          0         33       3831
         0.2500          1.0000          0.8788          0.9355          0.8788          0          4         29       3927
         0.5000          1.0000          0.0303          0.0588          0.0303          0         32          1       3927
         0.7500          0.0000          0.0000          0.0000          0.0000          0         33          0       3927



Hyper-Parameters: 
 - ensemble__weights.............: (0.30000000000000004, 0.15000000000000002, 0.9, 0.35000000000000003, 0.30000000000000004, 0.0, 0.05, 0.6000000000000001, 1.4000000000000001, 0.4, 1.55, 0.7000000000000001, 1.7000000000000002)
 - ensemble__powers..............: (1.31, 1.73, 0.71, 1.9100000000000001, 0.27, 0.39, 0.49, 0.74, 0.48, 0.28, 0.8200000000000001, 0.93, 1.98)
[[ 0.449  0.551]
 [ 0.54   0.46 ]
 [ 0.607  0.393]
 ..., 
 [ 0.936  0.064]
 [ 0.982  0.018]
 [ 0.987  0.013]]
Fold Wise AUPRC  [1.00, 1.00, 1.00, 1.00, 0.96]
AUC -   0.9997 		AUPRC -   0.9783 

      Threshold       Precision          Recall        F1-Score     Skill Score         FP         FN         TP         TN
         0.2630          1.0000          0.9394          0.9688          0.9394          0          2         31       3927
         0.0900          0.4583          1.0000          0.6286          0.9901         39          0         33       3888
         0.2500          0.9394          0.9394          0.9394          0.9389          2          2         31       3925
         0.5000          1.0000          0.4848          0.6531          0.4848          0         17         16       3927
         0.7500          0.0000          0.0000          0.0000          0.0000          0         33          0       3927



Hyper-Parameters: 
 - ensemble__weights.............: (0.2, 0.1, 0.75, 0.6000000000000001, 0.4, 1.85, 0.15000000000000002, 0.1, 0.9500000000000001, 0.1, 0.55, 1.2000000000000002, 2.0)
 - ensemble__powers..............: (0.28, 1.96, 0.5700000000000001, 1.1500000000000001, 0.39, 0.45, 0.54, 0.65, 0.85, 0.31, 0.65, 1.46, 0.89)
[[ 0.588  0.412]
 [ 0.685  0.315]
 [ 0.622  0.378]
 ..., 
 [ 0.968  0.032]
 [ 0.974  0.026]
 [ 0.982  0.018]]
Fold Wise AUPRC  [0.90, 1.00, 1.00, 1.00, 1.00]
AUC -   0.9996 		AUPRC -   0.9513 

      Threshold       Precision          Recall        F1-Score     Skill Score         FP         FN         TP         TN
         0.2090          0.8378          0.9394          0.8857          0.9379          6          2         31       3921
         0.0910          0.7333          1.0000          0.8462          0.9969         12          0         33       3915
         0.2500          0.8333          0.9091          0.8696          0.9076          6          3         30       3921
         0.5000          1.0000          0.1515          0.2632          0.1515          0         28          5       3927
         0.7500          0.0000          0.0000          0.0000          0.0000          0         33          0       3927



Hyper-Parameters: 
 - ensemble__weights.............: (0.35000000000000003, 0.0, 0.25, 0.7000000000000001, 0.05, 0.45, 0.0, 0.4, 1.25, 0.5, 0.0, 1.35, 1.8)
 - ensemble__powers..............: (0.26, 1.06, 0.88, 1.32, 0.25, 0.72, 0.31, 0.52, 1.1300000000000001, 0.48, 0.39, 1.9000000000000001, 1.67)
[[ 0.601  0.399]
 [ 0.657  0.343]
 [ 0.613  0.387]
 ..., 
 [ 0.956  0.044]
 [ 0.987  0.013]
 [ 0.99   0.01 ]]
Fold Wise AUPRC  [1.00, 1.00, 1.00, 1.00, 1.00]
AUC -   0.9998 		AUPRC -   0.9815 

      Threshold       Precision          Recall        F1-Score     Skill Score         FP         FN         TP         TN
         0.2310          1.0000          0.9091          0.9524          0.9091          0          3         30       3927
         0.0920          0.7333          1.0000          0.8462          0.9969         12          0         33       3915
         0.2500          1.0000          0.9091          0.9524          0.9091          0          3         30       3927
         0.5000          1.0000          0.0303          0.0588          0.0303          0         32          1       3927
         0.7500          0.0000          0.0000          0.0000          0.0000          0         33          0       3927



Hyper-Parameters: 
 - ensemble__weights.............: (1.75, 0.25, 1.1500000000000001, 0.15000000000000002, 0.55, 1.55, 0.35000000000000003, 0.75, 0.5, 0.25, 1.9000000000000001, 0.8, 1.3)
 - ensemble__powers..............: (0.35000000000000003, 1.52, 0.6, 1.02, 0.38, 0.49, 0.26, 0.86, 0.78, 0.36, 0.5, 1.6400000000000001, 1.46)
[[ 0.463  0.537]
 [ 0.579  0.421]
 [ 0.631  0.369]
 ..., 
 [ 0.922  0.078]
 [ 0.981  0.019]
 [ 0.984  0.016]]
Fold Wise AUPRC  [0.82, 1.00, 1.00, 1.00, 0.87]
AUC -   0.9991 		AUPRC -   0.9373 

      Threshold       Precision          Recall        F1-Score     Skill Score         FP         FN         TP         TN
         0.2600          0.8378          0.9394          0.8857          0.9379          6          2         31       3921
         0.0830          0.3333          1.0000          0.5000          0.9832         66          0         33       3861
         0.2500          0.8158          0.9394          0.8732          0.9376          7          2         31       3920
         0.5000          1.0000          0.6061          0.7547          0.6061          0         13         20       3927
         0.7500          1.0000          0.0909          0.1667          0.0909          0         30          3       3927



Hyper-Parameters: 
 - ensemble__weights.............: (0.4, 0.2, 1.7000000000000002, 0.9, 0.25, 0.55, 0.5, 0.05, 1.4000000000000001, 0.4, 1.6500000000000001, 1.1, 1.6500000000000001)
 - ensemble__powers..............: (0.3, 1.22, 0.79, 0.97, 0.51, 0.56, 0.32, 0.43, 1.25, 0.38, 0.43, 1.3900000000000001, 1.79)
[[ 0.319  0.681]
 [ 0.491  0.509]
 [ 0.466  0.534]
 ..., 
 [ 0.98   0.02 ]
 [ 0.983  0.017]
 [ 0.987  0.013]]
Fold Wise AUPRC  [1.00, 1.00, 1.00, 1.00, 0.98]
AUC -   0.9997 		AUPRC -   0.9746 

      Threshold       Precision          Recall        F1-Score     Skill Score         FP         FN         TP         TN
         0.3950          0.9667          0.8788          0.9206          0.8785          1          4         29       3926
         0.1550          0.6471          1.0000          0.7857          0.9954         18          0         33       3909
         0.2500          0.7805          0.9697          0.8649          0.9674          9          1         32       3918
         0.5000          1.0000          0.7879          0.8814          0.7879          0          7         26       3927
         0.7500          1.0000          0.0606          0.1143          0.0606          0         31          2       3927



Hyper-Parameters: 
 - ensemble__weights.............: (0.15000000000000002, 0.35000000000000003, 0.4, 0.5, 0.65, 0.30000000000000004, 0.6000000000000001, 0.25, 0.7000000000000001, 0.30000000000000004, 1.85, 1.25, 1.5)
 - ensemble__powers..............: (0.42, 1.42, 0.53, 1.69, 0.46, 0.35000000000000003, 0.29, 1.03, 0.37, 0.32, 0.86, 1.52, 1.56)
[[ 0.465  0.535]
 [ 0.534  0.466]
 [ 0.62   0.38 ]
 ..., 
 [ 0.958  0.042]
 [ 0.977  0.023]
 [ 0.982  0.018]]
Fold Wise AUPRC  [1.00, 1.00, 1.00, 1.00, 0.96]
AUC -   0.9998 		AUPRC -   0.9833 

      Threshold       Precision          Recall        F1-Score     Skill Score         FP         FN         TP         TN
         0.2790          1.0000          0.9394          0.9688          0.9394          0          2         31       3927
         0.1150          0.5593          1.0000          0.7174          0.9934         26          0         33       3901
         0.2500          0.8857          0.9394          0.9118          0.9384          4          2         31       3923
         0.5000          1.0000          0.5152          0.6800          0.5152          0         16         17       3927
         0.7500          0.0000          0.0000          0.0000          0.0000          0         33          0       3927



Hyper-Parameters: 
 - ensemble__weights.............: (0.0, 0.6000000000000001, 0.9500000000000001, 0.25, 0.75, 1.25, 0.25, 0.15000000000000002, 0.8500000000000001, 0.15000000000000002, 1.35, 0.6000000000000001, 1.9500000000000002)
 - ensemble__powers..............: (0.5700000000000001, 1.33, 0.38, 1.51, 0.36, 0.41000000000000003, 0.35000000000000003, 0.9500000000000001, 0.9400000000000001, 0.26, 0.6, 0.89, 1.1500000000000001)
[[ 0.54   0.46 ]
 [ 0.631  0.369]
 [ 0.684  0.316]
 ..., 
 [ 0.973  0.027]
 [ 0.982  0.018]
 [ 0.989  0.011]]
Fold Wise AUPRC  [0.95, 1.00, 1.00, 1.00, 0.96]
AUC -   0.9996 		AUPRC -   0.9608 

      Threshold       Precision          Recall        F1-Score     Skill Score         FP         FN         TP         TN
         0.3660          1.0000          0.8182          0.9000          0.8182          0          6         27       3927
         0.0760          0.5500          1.0000          0.7097          0.9931         27          0         33       3900
         0.2500          0.8378          0.9394          0.8857          0.9379          6          2         31       3921
         0.5000          1.0000          0.3636          0.5333          0.3636          0         21         12       3927
         0.7500          0.0000          0.0000          0.0000          0.0000          0         33          0       3927



Hyper-Parameters: 
 - ensemble__weights.............: (1.9500000000000002, 0.5, 0.15000000000000002, 1.3, 0.05, 0.45, 0.15000000000000002, 1.1, 1.2000000000000002, 0.6000000000000001, 1.5, 1.4500000000000002, 1.8)
 - ensemble__powers..............: (0.5, 0.99, 1.1300000000000001, 1.28, 0.62, 0.48, 0.48, 1.74, 0.62, 0.4, 1.58, 1.3, 1.11)
[[ 0.358  0.642]
 [ 0.421  0.579]
 [ 0.501  0.499]
 ..., 
 [ 0.902  0.098]
 [ 0.987  0.013]
 [ 0.991  0.009]]
Fold Wise AUPRC  [1.00, 1.00, 1.00, 1.00, 0.98]
AUC -   0.9997 		AUPRC -   0.9759 

      Threshold       Precision          Recall        F1-Score     Skill Score         FP         FN         TP         TN
         0.4130          0.9667          0.8788          0.9206          0.8785          1          4         29       3926
         0.1680          0.6471          1.0000          0.7857          0.9954         18          0         33       3909
         0.2500          0.8000          0.9697          0.8767          0.9677          8          1         32       3919
         0.5000          1.0000          0.7879          0.8814          0.7879          0          7         26       3927
         0.7500          1.0000          0.1212          0.2162          0.1212          0         29          4       3927



Hyper-Parameters: 
 - ensemble__weights.............: (0.1, 0.4, 0.65, 0.45, 0.35000000000000003, 0.05, 0.4, 0.45, 0.55, 0.1, 0.2, 0.8500000000000001, 1.6500000000000001)
 - ensemble__powers..............: (0.28, 1.72, 0.67, 1.76, 0.41000000000000003, 0.62, 0.66, 1.09, 0.6900000000000001, 0.45, 0.96, 1.23, 1.32)
[[ 0.621  0.379]
 [ 0.694  0.306]
 [ 0.646  0.354]
 ..., 
 [ 0.939  0.061]
 [ 0.972  0.028]
 [ 0.979  0.021]]
Fold Wise AUPRC  [1.00, 1.00, 1.00, 1.00, 0.91]
AUC -   0.9997 		AUPRC -   0.9739 

      Threshold       Precision          Recall        F1-Score     Skill Score         FP         FN         TP         TN
         0.2490          1.0000          0.9091          0.9524          0.9091          0          3         30       3927
         0.1030          0.6111          1.0000          0.7586          0.9947         21          0         33       3906
         0.2500          1.0000          0.9091          0.9524          0.9091          0          3         30       3927
         0.5000          0.0000          0.0000          0.0000          0.0000          0         33          0       3927
         0.7500          0.0000          0.0000          0.0000          0.0000          0         33          0       3927



Hyper-Parameters: 
 - ensemble__weights.............: (0.5, 0.2, 0.25, 1.05, 0.1, 0.7000000000000001, 0.30000000000000004, 0.30000000000000004, 1.55, 0.7000000000000001, 1.7000000000000002, 1.75, 1.1500000000000001)
 - ensemble__powers..............: (1.98, 1.08, 1.9100000000000001, 1.1500000000000001, 0.29, 0.58, 0.25, 0.64, 1.62, 0.5, 0.36, 0.73, 1.86)
[[ 0.381  0.619]
 [ 0.454  0.546]
 [ 0.511  0.489]
 ..., 
 [ 0.962  0.038]
 [ 0.984  0.016]
 [ 0.99   0.01 ]]
Fold Wise AUPRC  [1.00, 1.00, 1.00, 1.00, 0.98]
AUC -   0.9999 		AUPRC -   0.9883 

      Threshold       Precision          Recall        F1-Score     Skill Score         FP         FN         TP         TN
         0.3500          1.0000          0.9394          0.9688          0.9394          0          2         31       3927
         0.1750          0.6735          1.0000          0.8049          0.9959         16          0         33       3911
         0.2500          0.8421          0.9697          0.9014          0.9682          6          1         32       3921
         0.5000          1.0000          0.6970          0.8214          0.6970          0         10         23       3927
         0.7500          1.0000          0.0303          0.0588          0.0303          0         32          1       3927



Hyper-Parameters: 
 - ensemble__weights.............: (0.6000000000000001, 0.15000000000000002, 0.05, 0.8, 0.0, 0.8, 0.0, 0.1, 1.05, 0.45, 1.75, 1.35, 1.75)
 - ensemble__powers..............: (0.25, 0.79, 0.84, 1.43, 0.3, 0.8, 0.43, 0.49, 1.19, 0.63, 0.33, 1.8, 1.03)
[[ 0.511  0.489]
 [ 0.553  0.447]
 [ 0.654  0.346]
 ..., 
 [ 0.979  0.021]
 [ 0.985  0.015]
 [ 0.988  0.012]]
Fold Wise AUPRC  [1.00, 1.00, 1.00, 1.00, 0.96]
AUC -   0.9998 		AUPRC -   0.9851 

      Threshold       Precision          Recall        F1-Score     Skill Score         FP         FN         TP         TN
         0.2330          0.9697          0.9697          0.9697          0.9694          1          1         32       3926
         0.1040          0.5690          1.0000          0.7253          0.9936         25          0         33       3902
         0.2500          0.9677          0.9091          0.9375          0.9088          1          3         30       3926
         0.5000          1.0000          0.2727          0.4286          0.2727          0         24          9       3927
         0.7500          0.0000          0.0000          0.0000          0.0000          0         33          0       3927



Hyper-Parameters: 
 - ensemble__weights.............: (0.30000000000000004, 0.55, 0.8, 1.0, 0.9500000000000001, 0.6000000000000001, 0.2, 0.05, 1.35, 0.55, 1.9500000000000002, 1.6500000000000001, 1.4000000000000001)
 - ensemble__powers..............: (0.38, 1.11, 1.49, 1.01, 0.26, 0.29, 0.37, 0.72, 1.09, 0.41000000000000003, 0.45, 1.7, 1.23)
[[ 0.352  0.648]
 [ 0.47   0.53 ]
 [ 0.517  0.483]
 ..., 
 [ 0.983  0.017]
 [ 0.987  0.013]
 [ 0.991  0.009]]
Fold Wise AUPRC  [1.00, 1.00, 1.00, 1.00, 0.98]
AUC -   0.9997 		AUPRC -   0.9758 

      Threshold       Precision          Recall        F1-Score     Skill Score         FP         FN         TP         TN
         0.3850          0.9667          0.8788          0.9206          0.8785          1          4         29       3926
         0.1480          0.6226          1.0000          0.7674          0.9949         20          0         33       3907
         0.2500          0.7805          0.9697          0.8649          0.9674          9          1         32       3918
         0.5000          1.0000          0.7879          0.8814          0.7879          0          7         26       3927
         0.7500          1.0000          0.0606          0.1143          0.0606          0         31          2       3927



Hyper-Parameters: 
 - ensemble__weights.............: (0.0, 0.30000000000000004, 0.0, 0.6000000000000001, 0.2, 0.15000000000000002, 0.45, 0.8500000000000001, 0.7000000000000001, 0.2, 1.6, 1.05, 1.9000000000000001)
 - ensemble__powers..............: (0.85, 1.55, 0.33, 1.61, 0.56, 0.64, 0.27, 1.21, 0.56, 0.25, 0.54, 1.11, 0.8200000000000001)
[[ 0.498  0.502]
 [ 0.526  0.474]
 [ 0.634  0.366]
 ..., 
 [ 0.912  0.088]
 [ 0.978  0.022]
 [ 0.981  0.019]]
Fold Wise AUPRC  [1.00, 1.00, 1.00, 1.00, 0.92]
AUC -   0.9997 		AUPRC -   0.9818 

      Threshold       Precision          Recall        F1-Score     Skill Score         FP         FN         TP         TN
         0.2320          1.0000          0.9394          0.9688          0.9394          0          2         31       3927
         0.1210          0.4459          1.0000          0.6168          0.9896         41          0         33       3886
         0.2500          1.0000          0.9394          0.9688          0.9394          0          2         31       3927
         0.5000          1.0000          0.2424          0.3902          0.2424          0         25          8       3927
         0.7500          0.0000          0.0000          0.0000          0.0000          0         33          0       3927



Hyper-Parameters: 
 - ensemble__weights.............: (0.45, 0.0, 0.5, 0.8, 0.8500000000000001, 0.65, 0.65, 0.7000000000000001, 1.1500000000000001, 0.55, 1.2000000000000002, 1.4500000000000002, 1.5)
 - ensemble__powers..............: (1.0, 1.19, 1.27, 0.89, 0.6900000000000001, 0.38, 0.42, 0.58, 1.01, 0.58, 0.4, 1.87, 1.29)
[[ 0.405  0.595]
 [ 0.498  0.502]
 [ 0.509  0.491]
 ..., 
 [ 0.937  0.063]
 [ 0.991  0.009]
 [ 0.993  0.007]]
Fold Wise AUPRC  [1.00, 1.00, 1.00, 1.00, 0.96]
AUC -   0.9998 		AUPRC -   0.9808 

      Threshold       Precision          Recall        F1-Score     Skill Score         FP         FN         TP         TN
         0.3910          1.0000          0.9091          0.9524          0.9091          0          3         30       3927
         0.1640          0.6735          1.0000          0.8049          0.9959         16          0         33       3911
         0.2500          0.7949          0.9394          0.8611          0.9374          8          2         31       3919
         0.5000          1.0000          0.7879          0.8814          0.7879          0          7         26       3927
         0.7500          1.0000          0.0303          0.0588          0.0303          0         32          1       3927



Hyper-Parameters: 
 - ensemble__weights.............: (0.2, 0.45, 0.30000000000000004, 0.9, 0.45, 0.2, 0.05, 0.0, 0.8, 0.35000000000000003, 1.05, 1.25, 0.9)
 - ensemble__powers..............: (0.34, 1.3, 0.56, 1.19, 0.32, 0.25, 0.29, 0.68, 0.9500000000000001, 0.34, 0.74, 1.99, 0.74)
[[ 0.566  0.434]
 [ 0.63   0.37 ]
 [ 0.658  0.342]
 ..., 
 [ 0.975  0.025]
 [ 0.978  0.022]
 [ 0.982  0.018]]
Fold Wise AUPRC  [1.00, 1.00, 1.00, 1.00, 1.00]
AUC -   0.9999 		AUPRC -   0.9867 

      Threshold       Precision          Recall        F1-Score     Skill Score         FP         FN         TP         TN
         0.2350          0.9688          0.9394          0.9538          0.9391          1          2         31       3926
         0.1340          0.7500          1.0000          0.8571          0.9972         11          0         33       3916
         0.2500          0.9677          0.9091          0.9375          0.9088          1          3         30       3926
         0.5000          1.0000          0.0303          0.0588          0.0303          0         32          1       3927
         0.7500          0.0000          0.0000          0.0000          0.0000          0         33          0       3927



Hyper-Parameters: 
 - ensemble__weights.............: (0.25, 0.65, 0.55, 1.4000000000000001, 0.15000000000000002, 0.5, 0.75, 1.0, 1.3, 0.65, 1.4000000000000001, 1.9500000000000002, 1.3)
 - ensemble__powers..............: (0.3, 1.41, 1.11, 1.8800000000000001, 0.25, 0.43, 0.51, 1.3900000000000001, 0.72, 0.3, 1.16, 1.53, 0.62)
[[ 0.264  0.736]
 [ 0.37   0.63 ]
 [ 0.372  0.628]
 ..., 
 [ 0.909  0.091]
 [ 0.986  0.014]
 [ 0.988  0.012]]
Fold Wise AUPRC  [1.00, 1.00, 1.00, 1.00, 1.00]
AUC -   0.9998 		AUPRC -   0.9823 

      Threshold       Precision          Recall        F1-Score     Skill Score         FP         FN         TP         TN
         0.4480          1.0000          0.9091          0.9524          0.9091          0          3         30       3927
         0.2280          0.7500          1.0000          0.8571          0.9972         11          0         33       3916
         0.2500          0.7442          0.9697          0.8421          0.9669         11          1         32       3916
         0.5000          1.0000          0.8485          0.9180          0.8485          0          5         28       3927
         0.7500          1.0000          0.0909          0.1667          0.0909          0         30          3       3927



Hyper-Parameters: 
 - ensemble__weights.............: (0.4, 0.05, 0.1, 1.1, 0.30000000000000004, 1.0, 0.25, 0.4, 1.6, 0.45, 1.8, 1.1, 1.6)
 - ensemble__powers..............: (1.79, 1.02, 0.3, 1.36, 0.37, 0.52, 0.58, 0.44, 1.32, 0.38, 0.26, 1.36, 0.7000000000000001)
[[ 0.403  0.597]
 [ 0.456  0.544]
 [ 0.562  0.438]
 ..., 
 [ 0.955  0.045]
 [ 0.982  0.018]
 [ 0.991  0.009]]
Fold Wise AUPRC  [1.00, 1.00, 1.00, 1.00, 0.96]
AUC -   0.9998 		AUPRC -   0.9846 

