

Hyper-Parameters: 
 - powers........................: (0.81, 1.03, 0.99, 0.44, 0.42)
 - weights.......................: (1.05, 0.7000000000000001, 1.6500000000000001, 1.25, 0.5)
Fold Wise AUPRC  [0.77, 0.93, 1.00, 0.64, 0.77]
AUC -   0.9950 		AUPRC -   0.8495 

      Threshold       Precision          Recall        F1-Score     Skill Score         FP         FN         TP         TN
         0.0050          0.9200          0.6970          0.7931          0.6965          2         10         23       3925
         0.0010          0.6364          0.8485          0.7273          0.8444         16          5         28       3911
         0.2500          0.0000          0.0000          0.0000          0.0000          0         33          0       3927
         0.5000          0.0000          0.0000          0.0000          0.0000          0         33          0       3927
         0.7500          0.0000          0.0000          0.0000          0.0000          0         33          0       3927



Hyper-Parameters: 
 - powers........................: (0.39, 0.92, 0.4, 1.54, 0.5)
 - weights.......................: (1.55, 2.0, 0.5, 0.6000000000000001, 0.35000000000000003)
Fold Wise AUPRC  [0.87, 0.89, 0.92, 0.68, 1.00]
AUC -   0.9840 		AUPRC -   0.8480 

      Threshold       Precision          Recall        F1-Score     Skill Score         FP         FN         TP         TN
         0.0210          0.9310          0.8182          0.8710          0.8177          2          6         27       3925
         0.0010          0.4179          0.8485          0.5600          0.8386         39          5         28       3888
         0.2500          0.0000          0.0000          0.0000          0.0000          0         33          0       3927
         0.5000          0.0000          0.0000          0.0000          0.0000          0         33          0       3927
         0.7500          0.0000          0.0000          0.0000          0.0000          0         33          0       3927



Hyper-Parameters: 
 - powers........................: (0.93, 0.76, 0.55, 0.53, 0.32)
 - weights.......................: (1.4500000000000002, 0.05, 0.9, 1.1, 1.3)
Fold Wise AUPRC  [0.70, 1.00, 1.00, 0.84, 0.81]
AUC -   0.9964 		AUPRC -   0.8888 

      Threshold       Precision          Recall        F1-Score     Skill Score         FP         FN         TP         TN
         0.0100          0.8438          0.8182          0.8308          0.8169          5          6         27       3922
         0.0030          0.6596          0.9394          0.7750          0.9353         16          2         31       3911
         0.2500          0.0000          0.0000          0.0000          0.0000          0         33          0       3927
         0.5000          0.0000          0.0000          0.0000          0.0000          0         33          0       3927
         0.7500          0.0000          0.0000          0.0000          0.0000          0         33          0       3927



Hyper-Parameters: 
 - powers........................: (1.17, 1.31, 0.25, 0.97, 0.27)
 - weights.......................: (0.9500000000000001, 1.1500000000000001, 0.75, 1.4000000000000001, 0.65)
Fold Wise AUPRC  [0.76, 0.80, 0.97, 0.68, 0.87]
AUC -   0.9854 		AUPRC -   0.7954 

      Threshold       Precision          Recall        F1-Score     Skill Score         FP         FN         TP         TN
         0.0030          0.7027          0.7879          0.7429          0.7851         11          7         26       3916
         0.0010          0.3867          0.8788          0.5370          0.8671         46          4         29       3881
         0.2500          0.0000          0.0000          0.0000          0.0000          0         33          0       3927
         0.5000          0.0000          0.0000          0.0000          0.0000          0         33          0       3927
         0.7500          0.0000          0.0000          0.0000          0.0000          0         33          0       3927



Hyper-Parameters: 
 - powers........................: (0.48, 1.53, 0.29, 0.37, 1.6600000000000001)
 - weights.......................: (0.30000000000000004, 1.0, 1.4500000000000002, 0.05, 1.05)
Fold Wise AUPRC  [0.67, 0.89, 0.97, 0.74, 0.87]
AUC -   0.9810 		AUPRC -   0.8206 

      Threshold       Precision          Recall        F1-Score     Skill Score         FP         FN         TP         TN
         0.0140          0.9167          0.6667          0.7719          0.6662          2         11         22       3925
         0.0010          0.5385          0.8485          0.6588          0.8424         24          5         28       3903
         0.2500          0.0000          0.0000          0.0000          0.0000          0         33          0       3927
         0.5000          0.0000          0.0000          0.0000          0.0000          0         33          0       3927
         0.7500          0.0000          0.0000          0.0000          0.0000          0         33          0       3927



Hyper-Parameters: 
 - powers........................: (0.58, 0.56, 0.68, 0.67, 0.38)
 - weights.......................: (0.65, 0.30000000000000004, 1.0, 0.65, 0.2)
Fold Wise AUPRC  [0.80, 0.93, 1.00, 0.67, 0.78]
AUC -   0.9974 		AUPRC -   0.8605 

      Threshold       Precision          Recall        F1-Score     Skill Score         FP         FN         TP         TN
         0.0120          0.7250          0.8788          0.7945          0.8760         11          4         29       3916
         0.0010          0.1964          1.0000          0.3284          0.9656        135          0         33       3792
         0.2500          0.0000          0.0000          0.0000          0.0000          0         33          0       3927
         0.5000          0.0000          0.0000          0.0000          0.0000          0         33          0       3927
         0.7500          0.0000          0.0000          0.0000          0.0000          0         33          0       3927



Hyper-Parameters: 
 - powers........................: (0.35000000000000003, 1.83, 1.87, 1.8800000000000001, 1.12)
 - weights.......................: (1.6, 1.35, 1.2000000000000002, 0.9, 0.05)
Fold Wise AUPRC  [0.86, 0.93, 0.98, 0.65, 0.95]
AUC -   0.9907 		AUPRC -   0.8557 

      Threshold       Precision          Recall        F1-Score     Skill Score         FP         FN         TP         TN
         0.0060          0.8667          0.7879          0.8254          0.7869          4          7         26       3923
         0.0020          0.7297          0.8182          0.7714          0.8156         10          6         27       3917
         0.2500          0.0000          0.0000          0.0000          0.0000          0         33          0       3927
         0.5000          0.0000          0.0000          0.0000          0.0000          0         33          0       3927
         0.7500          0.0000          0.0000          0.0000          0.0000          0         33          0       3927



Hyper-Parameters: 
 - powers........................: (0.31, 0.9500000000000001, 0.91, 1.71, 1.99)
 - weights.......................: (1.8, 0.4, 0.55, 0.45, 0.55)
Fold Wise AUPRC  [0.81, 1.00, 1.00, 0.70, 1.00]
AUC -   0.9957 		AUPRC -   0.9079 

      Threshold       Precision          Recall        F1-Score     Skill Score         FP         FN         TP         TN
         0.0160          0.9062          0.8788          0.8923          0.8780          3          4         29       3924
         0.0060          0.5254          0.9394          0.6739          0.9323         28          2         31       3899
         0.2500          0.0000          0.0000          0.0000          0.0000          0         33          0       3927
         0.5000          0.0000          0.0000          0.0000          0.0000          0         33          0       3927
         0.7500          0.0000          0.0000          0.0000          0.0000          0         33          0       3927



Hyper-Parameters: 
 - powers........................: (1.84, 0.37, 1.32, 1.29, 0.59)
 - weights.......................: (0.05, 1.55, 0.2, 0.75, 0.4)
Fold Wise AUPRC  [0.84, 0.82, 0.73, 0.81, 0.88]
AUC -   0.9632 		AUPRC -   0.7783 

      Threshold       Precision          Recall        F1-Score     Skill Score         FP         FN         TP         TN
         0.0300          0.8000          0.7273          0.7619          0.7257          6          9         24       3921
         0.0150          0.2545          0.8485          0.3916          0.8276         82          5         28       3845
         0.2500          0.0000          0.0000          0.0000          0.0000          0         33          0       3927
         0.5000          0.0000          0.0000          0.0000          0.0000          0         33          0       3927
         0.7500          0.0000          0.0000          0.0000          0.0000          0         33          0       3927



Hyper-Parameters: 
 - powers........................: (0.25, 1.3900000000000001, 0.47000000000000003, 1.1300000000000001, 0.36)
 - weights.......................: (1.7000000000000002, 1.25, 0.8500000000000001, 1.85, 0.25)
Fold Wise AUPRC  [0.73, 0.84, 0.98, 0.68, 0.83]
AUC -   0.9915 		AUPRC -   0.8104 

      Threshold       Precision          Recall        F1-Score     Skill Score         FP         FN         TP         TN
         0.0050          0.9500          0.5758          0.7170          0.5755          1         14         19       3926
         0.0010          0.7097          0.6667          0.6875          0.6644          9         11         22       3918
         0.2500          0.0000          0.0000          0.0000          0.0000          0         33          0       3927
         0.5000          0.0000          0.0000          0.0000          0.0000          0         33          0       3927
         0.7500          0.0000          0.0000          0.0000          0.0000          0         33          0       3927



Hyper-Parameters: 
 - powers........................: (0.72, 1.07, 0.32, 0.85, 0.6900000000000001)
 - weights.......................: (1.25, 0.2, 0.4, 0.1, 0.9500000000000001)
Fold Wise AUPRC  [0.70, 1.00, 1.00, 0.71, 1.00]
AUC -   0.9962 		AUPRC -   0.8548 

      Threshold       Precision          Recall        F1-Score     Skill Score         FP         FN         TP         TN
         0.0280          0.8788          0.8788          0.8788          0.8778          4          4         29       3923
         0.0010          0.2500          0.9697          0.3975          0.9453         96          1         32       3831
         0.2500          0.0000          0.0000          0.0000          0.0000          0         33          0       3927
         0.5000          0.0000          0.0000          0.0000          0.0000          0         33          0       3927
         0.7500          0.0000          0.0000          0.0000          0.0000          0         33          0       3927



Hyper-Parameters: 
 - powers........................: (0.42, 1.17, 0.35000000000000003, 1.51, 0.47000000000000003)
 - weights.......................: (1.9000000000000001, 0.0, 1.1, 0.30000000000000004, 0.7000000000000001)
Fold Wise AUPRC  [0.01, 0.01, 0.01, 0.01, 0.01]
AUC -   0.5000 		AUPRC -   0.0083 

      Threshold       Precision          Recall        F1-Score     Skill Score         FP         FN         TP         TN
         0.0000          0.0000          0.0000          0.0000          0.0000          0         33          0       3927
         0.0000          0.0000          0.0000          0.0000          0.0000          0         33          0       3927
         0.2500          0.0000          0.0000          0.0000          0.0000          0         33          0       3927
         0.5000          0.0000          0.0000          0.0000          0.0000          0         33          0       3927
         0.7500          0.0000          0.0000          0.0000          0.0000          0         33          0       3927



Hyper-Parameters: 
 - powers........................: (0.48, 1.6500000000000001, 0.58, 0.26, 0.32)
 - weights.......................: (1.35, 0.9, 1.6, 0.2, 1.5)
Fold Wise AUPRC  [0.76, 0.96, 1.00, 0.62, 0.92]
AUC -   0.9953 		AUPRC -   0.8589 

      Threshold       Precision          Recall        F1-Score     Skill Score         FP         FN         TP         TN
         0.0010          0.8182          0.8182          0.8182          0.8167          6          6         27       3921
         0.0010          0.8182          0.8182          0.8182          0.8167          6          6         27       3921
         0.2500          0.0000          0.0000          0.0000          0.0000          0         33          0       3927
         0.5000          0.0000          0.0000          0.0000          0.0000          0         33          0       3927
         0.7500          0.0000          0.0000          0.0000          0.0000          0         33          0       3927



Hyper-Parameters: 
 - powers........................: (0.28, 0.71, 0.52, 1.99, 1.47)
 - weights.......................: (1.1500000000000001, 0.7000000000000001, 0.6000000000000001, 0.5, 1.25)
Fold Wise AUPRC  [0.80, 0.97, 1.00, 0.65, 1.00]
AUC -   0.9947 		AUPRC -   0.8697 

      Threshold       Precision          Recall        F1-Score     Skill Score         FP         FN         TP         TN
         0.0160          0.8966          0.7879          0.8387          0.7871          3          7         26       3924
         0.0050          0.5800          0.8788          0.6988          0.8734         21          4         29       3906
         0.2500          0.0000          0.0000          0.0000          0.0000          0         33          0       3927
         0.5000          0.0000          0.0000          0.0000          0.0000          0         33          0       3927
         0.7500          0.0000          0.0000          0.0000          0.0000          0         33          0       3927



Hyper-Parameters: 
 - powers........................: (0.66, 1.3900000000000001, 0.78, 0.77, 0.3)
 - weights.......................: (1.4500000000000002, 0.30000000000000004, 0.75, 0.9500000000000001, 0.6000000000000001)
Fold Wise AUPRC  [0.81, 1.00, 1.00, 0.70, 0.81]
AUC -   0.9959 		AUPRC -   0.8960 

      Threshold       Precision          Recall        F1-Score     Skill Score         FP         FN         TP         TN
         0.0170          0.9259          0.7576          0.8333          0.7571          2          8         25       3925
         0.0010          0.2302          0.9697          0.3721          0.9424        107          1         32       3820
         0.2500          0.0000          0.0000          0.0000          0.0000          0         33          0       3927
         0.5000          0.0000          0.0000          0.0000          0.0000          0         33          0       3927
         0.7500          0.0000          0.0000          0.0000          0.0000          0         33          0       3927



Hyper-Parameters: 
 - powers........................: (0.32, 1.2, 0.33, 1.23, 0.28)
 - weights.......................: (1.85, 0.5, 0.65, 0.5, 0.8500000000000001)
Fold Wise AUPRC  [0.80, 1.00, 1.00, 0.66, 1.00]
AUC -   0.9957 		AUPRC -   0.8947 

      Threshold       Precision          Recall        F1-Score     Skill Score         FP         FN         TP         TN
         0.0110          0.9062          0.8788          0.8923          0.8780          3          4         29       3924
         0.0020          0.4559          0.9394          0.6139          0.9300         37          2         31       3890
         0.2500          0.0000          0.0000          0.0000          0.0000          0         33          0       3927
         0.5000          0.0000          0.0000          0.0000          0.0000          0         33          0       3927
         0.7500          0.0000          0.0000          0.0000          0.0000          0         33          0       3927



Hyper-Parameters: 
 - powers........................: (0.3, 1.26, 0.27, 1.23, 0.4)
 - weights.......................: (1.9500000000000002, 0.55, 0.9500000000000001, 0.4, 0.8500000000000001)
Fold Wise AUPRC  [0.80, 1.00, 1.00, 0.66, 0.98]
AUC -   0.9959 		AUPRC -   0.9049 

      Threshold       Precision          Recall        F1-Score     Skill Score         FP         FN         TP         TN
         0.0090          0.9000          0.8182          0.8571          0.8174          3          6         27       3924
         0.0010          0.5849          0.9394          0.7209          0.9338         22          2         31       3905
         0.2500          0.0000          0.0000          0.0000          0.0000          0         33          0       3927
         0.5000          0.0000          0.0000          0.0000          0.0000          0         33          0       3927
         0.7500          0.0000          0.0000          0.0000          0.0000          0         33          0       3927



Hyper-Parameters: 
 - powers........................: (0.33, 1.49, 0.37, 1.35, 0.25)
 - weights.......................: (1.85, 0.45, 0.35000000000000003, 0.65, 1.1500000000000001)
Fold Wise AUPRC  [0.83, 1.00, 1.00, 0.70, 1.00]
AUC -   0.9960 		AUPRC -   0.8951 

      Threshold       Precision          Recall        F1-Score     Skill Score         FP         FN         TP         TN
         0.0270          0.9630          0.7879          0.8667          0.7876          1          7         26       3926
         0.0040          0.5769          0.9091          0.7059          0.9035         22          3         30       3905
         0.2500          0.0000          0.0000          0.0000          0.0000          0         33          0       3927
         0.5000          0.0000          0.0000          0.0000          0.0000          0         33          0       3927
         0.7500          0.0000          0.0000          0.0000          0.0000          0         33          0       3927



Hyper-Parameters: 
 - powers........................: (0.36, 1.16, 0.38, 1.6400000000000001, 0.27)
 - weights.......................: (1.7000000000000002, 0.8, 0.45, 0.35000000000000003, 0.75)
Fold Wise AUPRC  [0.90, 0.97, 1.00, 0.69, 1.00]
AUC -   0.9945 		AUPRC -   0.8807 

      Threshold       Precision          Recall        F1-Score     Skill Score         FP         FN         TP         TN
         0.0230          0.9643          0.8182          0.8852          0.8179          1          6         27       3926
         0.0030          0.5085          0.9091          0.6522          0.9017         29          3         30       3898
         0.2500          0.0000          0.0000          0.0000          0.0000          0         33          0       3927
         0.5000          0.0000          0.0000          0.0000          0.0000          0         33          0       3927
         0.7500          0.0000          0.0000          0.0000          0.0000          0         33          0       3927



Hyper-Parameters: 
 - powers........................: (0.56, 1.7, 0.65, 1.9100000000000001, 0.34)
 - weights.......................: (1.6, 0.25, 0.8, 0.75, 0.45)
Fold Wise AUPRC  [0.83, 1.00, 1.00, 0.71, 0.85]
AUC -   0.9963 		AUPRC -   0.9163 

      Threshold       Precision          Recall        F1-Score     Skill Score         FP         FN         TP         TN
         0.0180          0.9355          0.8788          0.9062          0.8783          2          4         29       3925
         0.0020          0.3441          0.9697          0.5079          0.9542         61          1         32       3866
         0.2500          0.0000          0.0000          0.0000          0.0000          0         33          0       3927
         0.5000          0.0000          0.0000          0.0000          0.0000          0         33          0       3927
         0.7500          0.0000          0.0000          0.0000          0.0000          0         33          0       3927



Hyper-Parameters: 
 - powers........................: (0.45, 1.77, 0.73, 1.93, 0.44)
 - weights.......................: (1.6, 0.15000000000000002, 0.8, 1.5, 0.4)
Fold Wise AUPRC  [0.60, 0.92, 1.00, 0.82, 0.64]
AUC -   0.9948 		AUPRC -   0.8272 

      Threshold       Precision          Recall        F1-Score     Skill Score         FP         FN         TP         TN
         0.0190          0.9545          0.6364          0.7636          0.6361          1         12         21       3926
         0.0010          0.3263          0.9394          0.4844          0.9231         64          2         31       3863
         0.2500          0.0000          0.0000          0.0000          0.0000          0         33          0       3927
         0.5000          0.0000          0.0000          0.0000          0.0000          0         33          0       3927
         0.7500          0.0000          0.0000          0.0000          0.0000          0         33          0       3927



Hyper-Parameters: 
 - powers........................: (0.5700000000000001, 1.97, 0.67, 1.03, 0.35000000000000003)
 - weights.......................: (1.75, 0.05, 0.55, 0.8500000000000001, 0.25)
Fold Wise AUPRC  [0.85, 1.00, 1.00, 0.71, 0.63]
AUC -   0.9953 		AUPRC -   0.8760 

      Threshold       Precision          Recall        F1-Score     Skill Score         FP         FN         TP         TN
         0.0280          0.9231          0.7273          0.8136          0.7268          2          9         24       3925
         0.0050          0.2388          0.9697          0.3832          0.9437        102          1         32       3825
         0.2500          0.0000          0.0000          0.0000          0.0000          0         33          0       3927
         0.5000          0.0000          0.0000          0.0000          0.0000          0         33          0       3927
         0.7500          0.0000          0.0000          0.0000          0.0000          0         33          0       3927



Hyper-Parameters: 
 - powers........................: (0.4, 1.58, 1.1, 1.78, 0.52)
 - weights.......................: (2.0, 0.25, 0.8500000000000001, 0.75, 0.1)
Fold Wise AUPRC  [0.83, 1.00, 1.00, 0.75, 0.82]
AUC -   0.9963 		AUPRC -   0.9150 

      Threshold       Precision          Recall        F1-Score     Skill Score         FP         FN         TP         TN
         0.0170          0.9355          0.8788          0.9062          0.8783          2          4         29       3925
         0.0020          0.4267          0.9697          0.5926          0.9587         43          1         32       3884
         0.2500          0.0000          0.0000          0.0000          0.0000          0         33          0       3927
         0.5000          0.0000          0.0000          0.0000          0.0000          0         33          0       3927
         0.7500          0.0000          0.0000          0.0000          0.0000          0         33          0       3927



Hyper-Parameters: 
 - powers........................: (0.51, 1.6500000000000001, 1.49, 1.76, 0.54)
 - weights.......................: (1.9500000000000002, 0.25, 1.05, 1.1, 0.1)
Fold Wise AUPRC  [0.83, 1.00, 1.00, 0.76, 0.69]
AUC -   0.9961 		AUPRC -   0.8916 

      Threshold       Precision          Recall        F1-Score     Skill Score         FP         FN         TP         TN
         0.0080          0.8485          0.8485          0.8485          0.8472          5          5         28       3922
         0.0010          0.4638          0.9697          0.6275          0.9603         37          1         32       3890
         0.2500          0.0000          0.0000          0.0000          0.0000          0         33          0       3927
         0.5000          0.0000          0.0000          0.0000          0.0000          0         33          0       3927
         0.7500          0.0000          0.0000          0.0000          0.0000          0         33          0       3927



Hyper-Parameters: 
 - powers........................: (0.4, 2.0, 1.0, 1.48, 0.68)
 - weights.......................: (1.5, 0.35000000000000003, 1.2000000000000002, 1.3, 0.05)
Fold Wise AUPRC  [0.78, 0.96, 1.00, 0.74, 0.69]
AUC -   0.9959 		AUPRC -   0.8769 

      Threshold       Precision          Recall        F1-Score     Skill Score         FP         FN         TP         TN
         0.0060          0.8387          0.7879          0.8125          0.7866          5          7         26       3922
         0.0010          0.5000          0.9091          0.6452          0.9015         30          3         30       3897
         0.2500          0.0000          0.0000          0.0000          0.0000          0         33          0       3927
         0.5000          0.0000          0.0000          0.0000          0.0000          0         33          0       3927
         0.7500          0.0000          0.0000          0.0000          0.0000          0         33          0       3927



Hyper-Parameters: 
 - powers........................: (0.51, 1.92, 1.12, 1.79, 0.47000000000000003)
 - weights.......................: (2.0, 0.1, 0.9500000000000001, 0.75, 0.0)
Fold Wise AUPRC  [0.01, 0.01, 0.01, 0.01, 0.01]
AUC -   0.5000 		AUPRC -   0.0083 

      Threshold       Precision          Recall        F1-Score     Skill Score         FP         FN         TP         TN
         0.0000          0.0000          0.0000          0.0000          0.0000          0         33          0       3927
         0.0000          0.0000          0.0000          0.0000          0.0000          0         33          0       3927
         0.2500          0.0000          0.0000          0.0000          0.0000          0         33          0       3927
         0.5000          0.0000          0.0000          0.0000          0.0000          0         33          0       3927
         0.7500          0.0000          0.0000          0.0000          0.0000          0         33          0       3927



Hyper-Parameters: 
 - powers........................: (0.68, 1.43, 1.23, 2.0, 0.6)
 - weights.......................: (1.6500000000000001, 0.2, 0.7000000000000001, 1.0, 0.30000000000000004)
Fold Wise AUPRC  [0.83, 1.00, 1.00, 0.75, 0.69]
AUC -   0.9960 		AUPRC -   0.8886 

      Threshold       Precision          Recall        F1-Score     Skill Score         FP         FN         TP         TN
         0.0220          0.9600          0.7273          0.8276          0.7270          1          9         24       3926
         0.0050          0.4848          0.9697          0.6465          0.9610         34          1         32       3893
         0.2500          0.0000          0.0000          0.0000          0.0000          0         33          0       3927
         0.5000          0.0000          0.0000          0.0000          0.0000          0         33          0       3927
         0.7500          0.0000          0.0000          0.0000          0.0000          0         33          0       3927



Hyper-Parameters: 
 - powers........................: (0.45, 1.59, 0.87, 1.3900000000000001, 0.53)
 - weights.......................: (1.35, 0.35000000000000003, 0.9, 0.8500000000000001, 0.2)
Fold Wise AUPRC  [0.81, 1.00, 1.00, 0.66, 0.84]
AUC -   0.9956 		AUPRC -   0.8937 

      Threshold       Precision          Recall        F1-Score     Skill Score         FP         FN         TP         TN
         0.0130          0.8485          0.8485          0.8485          0.8472          5          5         28       3922
         0.0030          0.5536          0.9394          0.6966          0.9330         25          2         31       3902
         0.2500          0.0000          0.0000          0.0000          0.0000          0         33          0       3927
         0.5000          0.0000          0.0000          0.0000          0.0000          0         33          0       3927
         0.7500          0.0000          0.0000          0.0000          0.0000          0         33          0       3927



Hyper-Parameters: 
 - powers........................: (0.8, 1.75, 0.59, 1.6, 0.81)
 - weights.......................: (2.0, 0.0, 1.1, 1.2000000000000002, 0.15000000000000002)
Fold Wise AUPRC  [0.01, 0.01, 0.01, 0.01, 0.01]
AUC -   0.5000 		AUPRC -   0.0083 

      Threshold       Precision          Recall        F1-Score     Skill Score         FP         FN         TP         TN
         0.0000          0.0000          0.0000          0.0000          0.0000          0         33          0       3927
         0.0000          0.0000          0.0000          0.0000          0.0000          0         33          0       3927
         0.2500          0.0000          0.0000          0.0000          0.0000          0         33          0       3927
         0.5000          0.0000          0.0000          0.0000          0.0000          0         33          0       3927
         0.7500          0.0000          0.0000          0.0000          0.0000          0         33          0       3927



Hyper-Parameters: 
 - powers........................: (0.62, 0.92, 0.8200000000000001, 1.7, 0.42)
 - weights.......................: (1.85, 0.65, 0.8500000000000001, 1.6500000000000001, 0.5)
Fold Wise AUPRC  [0.76, 0.92, 1.00, 0.69, 0.76]
AUC -   0.9947 		AUPRC -   0.8475 

      Threshold       Precision          Recall        F1-Score     Skill Score         FP         FN         TP         TN
         0.0040          0.9167          0.6667          0.7719          0.6662          2         11         22       3925
         0.0010          0.6364          0.8485          0.7273          0.8444         16          5         28       3911
         0.2500          0.0000          0.0000          0.0000          0.0000          0         33          0       3927
         0.5000          0.0000          0.0000          0.0000          0.0000          0         33          0       3927
         0.7500          0.0000          0.0000          0.0000          0.0000          0         33          0       3927



Hyper-Parameters: 
 - powers........................: (0.73, 1.02, 1.71, 1.09, 0.88)
 - weights.......................: (1.6, 0.1, 1.25, 0.75, 0.30000000000000004)
Fold Wise AUPRC  [0.68, 1.00, 1.00, 0.74, 0.77]
AUC -   0.9958 		AUPRC -   0.8733 

      Threshold       Precision          Recall        F1-Score     Skill Score         FP         FN         TP         TN
         0.0200          0.8571          0.7273          0.7869          0.7263          4          9         24       3923
         0.0010          0.5000          0.9394          0.6526          0.9315         31          2         31       3896
         0.2500          0.0000          0.0000          0.0000          0.0000          0         33          0       3927
         0.5000          0.0000          0.0000          0.0000          0.0000          0         33          0       3927
         0.7500          0.0000          0.0000          0.0000          0.0000          0         33          0       3927



Hyper-Parameters: 
 - powers........................: (0.37, 0.3, 0.74, 0.32, 0.37)
 - weights.......................: (1.5, 0.45, 1.05, 0.9500000000000001, 0.4)
Fold Wise AUPRC  [0.81, 1.00, 1.00, 0.66, 0.85]
AUC -   0.9956 		AUPRC -   0.8974 

      Threshold       Precision          Recall        F1-Score     Skill Score         FP         FN         TP         TN
         0.0090          0.8750          0.8485          0.8615          0.8475          4          5         28       3923
         0.0010          0.5167          0.9394          0.6667          0.9320         29          2         31       3898
         0.2500          0.0000          0.0000          0.0000          0.0000          0         33          0       3927
         0.5000          0.0000          0.0000          0.0000          0.0000          0         33          0       3927
         0.7500          0.0000          0.0000          0.0000          0.0000          0         33          0       3927



Hyper-Parameters: 
 - powers........................: (0.26, 0.49, 0.91, 1.8800000000000001, 0.4)
 - weights.......................: (1.25, 0.25, 0.7000000000000001, 0.65, 0.5)
Fold Wise AUPRC  [0.81, 1.00, 1.00, 0.67, 0.90]
AUC -   0.9961 		AUPRC -   0.9056 

      Threshold       Precision          Recall        F1-Score     Skill Score         FP         FN         TP         TN
         0.0260          0.9310          0.8182          0.8710          0.8177          2          6         27       3925
         0.0020          0.2270          0.9697          0.3678          0.9419        109          1         32       3818
         0.2500          0.0000          0.0000          0.0000          0.0000          0         33          0       3927
         0.5000          0.0000          0.0000          0.0000          0.0000          0         33          0       3927
         0.7500          0.0000          0.0000          0.0000          0.0000          0         33          0       3927



Hyper-Parameters: 
 - powers........................: (0.5700000000000001, 1.34, 1.07, 0.46, 0.33)
 - weights.......................: (1.8, 0.2, 0.8, 1.05, 0.6000000000000001)
Fold Wise AUPRC  [0.80, 1.00, 1.00, 0.76, 0.66]
AUC -   0.9961 		AUPRC -   0.8957 

      Threshold       Precision          Recall        F1-Score     Skill Score         FP         FN         TP         TN
         0.0130          0.9259          0.7576          0.8333          0.7571          2          8         25       3925
         0.0040          0.5614          0.9697          0.7111          0.9633         25          1         32       3902
         0.2500          0.0000          0.0000          0.0000          0.0000          0         33          0       3927
         0.5000          0.0000          0.0000          0.0000          0.0000          0         33          0       3927
         0.7500          0.0000          0.0000          0.0000          0.0000          0         33          0       3927



Hyper-Parameters: 
 - powers........................: (0.41000000000000003, 0.8200000000000001, 0.64, 1.45, 0.5700000000000001)
 - weights.......................: (1.7000000000000002, 0.65, 1.1500000000000001, 0.55, 1.85)
Fold Wise AUPRC  [0.74, 1.00, 1.00, 0.64, 1.00]
AUC -   0.9962 		AUPRC -   0.8798 

      Threshold       Precision          Recall        F1-Score     Skill Score         FP         FN         TP         TN
         0.0030          0.9000          0.8182          0.8571          0.8174          3          6         27       3924
         0.0020          0.8235          0.8485          0.8358          0.8470          6          5         28       3921
         0.2500          0.0000          0.0000          0.0000          0.0000          0         33          0       3927
         0.5000          0.0000          0.0000          0.0000          0.0000          0         33          0       3927
         0.7500          0.0000          0.0000          0.0000          0.0000          0         33          0       3927



Hyper-Parameters: 
 - powers........................: (1.03, 0.67, 1.01, 0.98, 0.5)
 - weights.......................: (1.4000000000000001, 0.05, 1.35, 0.15000000000000002, 0.1)
Fold Wise AUPRC  [0.61, 0.98, 1.00, 0.74, 0.76]
AUC -   0.9956 		AUPRC -   0.8606 

      Threshold       Precision          Recall        F1-Score     Skill Score         FP         FN         TP         TN
         0.0110          0.7647          0.7879          0.7761          0.7858          8          7         26       3919
         0.0010          0.5345          0.9394          0.6813          0.9325         27          2         31       3900
         0.2500          0.0000          0.0000          0.0000          0.0000          0         33          0       3927
         0.5000          0.0000          0.0000          0.0000          0.0000          0         33          0       3927
         0.7500          0.0000          0.0000          0.0000          0.0000          0         33          0       3927



Hyper-Parameters: 
 - powers........................: (0.34, 1.5, 1.21, 0.56, 0.65)
 - weights.......................: (1.1, 0.35000000000000003, 0.45, 0.25, 1.0)
Fold Wise AUPRC  [0.79, 1.00, 1.00, 0.64, 1.00]
AUC -   0.9961 		AUPRC -   0.8837 

      Threshold       Precision          Recall        F1-Score     Skill Score         FP         FN         TP         TN
         0.0310          0.9032          0.8485          0.8750          0.8477          3          5         28       3924
         0.0090          0.5172          0.9091          0.6593          0.9020         28          3         30       3899
         0.2500          0.0000          0.0000          0.0000          0.0000          0         33          0       3927
         0.5000          0.0000          0.0000          0.0000          0.0000          0         33          0       3927
         0.7500          0.0000          0.0000          0.0000          0.0000          0         33          0       3927



Hyper-Parameters: 
 - powers........................: (0.49, 0.61, 1.34, 1.29, 0.46)
 - weights.......................: (1.75, 0.45, 0.25, 0.05, 0.35000000000000003)
Fold Wise AUPRC  [0.71, 0.98, 1.00, 0.69, 0.95]
AUC -   0.9949 		AUPRC -   0.8276 

      Threshold       Precision          Recall        F1-Score     Skill Score         FP         FN         TP         TN
         0.0400          0.9615          0.7576          0.8475          0.7573          1          8         25       3926
         0.0040          0.3780          0.9394          0.5391          0.9264         51          2         31       3876
         0.2500          0.0000          0.0000          0.0000          0.0000          0         33          0       3927
         0.5000          0.0000          0.0000          0.0000          0.0000          0         33          0       3927
         0.7500          0.0000          0.0000          0.0000          0.0000          0         33          0       3927



Hyper-Parameters: 
 - powers........................: (0.85, 1.56, 0.44, 0.4, 0.44)
 - weights.......................: (1.9500000000000002, 0.8, 0.0, 1.1500000000000001, 0.7000000000000001)
Fold Wise AUPRC  [0.01, 0.01, 0.01, 0.01, 0.01]
AUC -   0.5000 		AUPRC -   0.0083 

      Threshold       Precision          Recall        F1-Score     Skill Score         FP         FN         TP         TN
         0.0000          0.0000          0.0000          0.0000          0.0000          0         33          0       3927
         0.0000          0.0000          0.0000          0.0000          0.0000          0         33          0       3927
         0.2500          0.0000          0.0000          0.0000          0.0000          0         33          0       3927
         0.5000          0.0000          0.0000          0.0000          0.0000          0         33          0       3927
         0.7500          0.0000          0.0000          0.0000          0.0000          0         33          0       3927



Hyper-Parameters: 
 - powers........................: (0.39, 1.87, 0.52, 0.9, 0.73)
 - weights.......................: (0.9, 0.55, 1.0, 1.4000000000000001, 0.6000000000000001)
Fold Wise AUPRC  [0.76, 0.91, 1.00, 0.69, 0.75]
AUC -   0.9942 		AUPRC -   0.8430 

      Threshold       Precision          Recall        F1-Score     Skill Score         FP         FN         TP         TN
         0.0090          0.9565          0.6667          0.7857          0.6664          1         11         22       3926
         0.0010          0.3924          0.9394          0.5536          0.9272         48          2         31       3879
         0.2500          0.0000          0.0000          0.0000          0.0000          0         33          0       3927
         0.5000          0.0000          0.0000          0.0000          0.0000          0         33          0       3927
         0.7500          0.0000          0.0000          0.0000          0.0000          0         33          0       3927



Hyper-Parameters: 
 - powers........................: (0.92, 1.1400000000000001, 0.49, 1.58, 0.49)
 - weights.......................: (1.0, 1.85, 0.55, 0.45, 0.8)
Fold Wise AUPRC  [0.84, 0.87, 0.90, 0.66, 1.00]
AUC -   0.9782 		AUPRC -   0.8269 

      Threshold       Precision          Recall        F1-Score     Skill Score         FP         FN         TP         TN
         0.0300          0.9259          0.7576          0.8333          0.7571          2          8         25       3925
         0.0020          0.4746          0.8485          0.6087          0.8406         31          5         28       3896
         0.2500          0.0000          0.0000          0.0000          0.0000          0         33          0       3927
         0.5000          0.0000          0.0000          0.0000          0.0000          0         33          0       3927
         0.7500          0.0000          0.0000          0.0000          0.0000          0         33          0       3927



Hyper-Parameters: 
 - powers........................: (0.28, 1.7, 0.9400000000000001, 0.67, 1.07)
 - weights.......................: (1.6500000000000001, 1.0, 0.15000000000000002, 1.55, 0.05)
Fold Wise AUPRC  [0.74, 0.85, 0.98, 0.68, 0.78]
AUC -   0.9928 		AUPRC -   0.8180 

      Threshold       Precision          Recall        F1-Score     Skill Score         FP         FN         TP         TN
         0.0020          0.7222          0.7879          0.7536          0.7853         10          7         26       3917
         0.0010          0.5490          0.8485          0.6667          0.8426         23          5         28       3904
         0.2500          0.0000          0.0000          0.0000          0.0000          0         33          0       3927
         0.5000          0.0000          0.0000          0.0000          0.0000          0         33          0       3927
         0.7500          0.0000          0.0000          0.0000          0.0000          0         33          0       3927



Hyper-Parameters: 
 - powers........................: (0.55, 1.07, 0.61, 1.83, 0.76)
 - weights.......................: (0.6000000000000001, 0.15000000000000002, 0.9, 0.55, 0.15000000000000002)
Fold Wise AUPRC  [0.76, 0.95, 1.00, 0.71, 0.75]
AUC -   0.9975 		AUPRC -   0.8643 

      Threshold       Precision          Recall        F1-Score     Skill Score         FP         FN         TP         TN
         0.0410          0.8846          0.6970          0.7797          0.6962          3         10         23       3924
         0.0020          0.2050          1.0000          0.3402          0.9674        128          0         33       3799
         0.2500          0.0000          0.0000          0.0000          0.0000          0         33          0       3927
         0.5000          0.0000          0.0000          0.0000          0.0000          0         33          0       3927
         0.7500          0.0000          0.0000          0.0000          0.0000          0         33          0       3927



Hyper-Parameters: 
 - powers........................: (1.46, 1.27, 0.76, 1.1, 0.3)
 - weights.......................: (1.2000000000000002, 0.30000000000000004, 1.55, 0.8, 0.0)
Fold Wise AUPRC  [0.01, 0.01, 0.01, 0.01, 0.01]
AUC -   0.5000 		AUPRC -   0.0083 

      Threshold       Precision          Recall        F1-Score     Skill Score         FP         FN         TP         TN
         0.0000          0.0000          0.0000          0.0000          0.0000          0         33          0       3927
         0.0000          0.0000          0.0000          0.0000          0.0000          0         33          0       3927
         0.2500          0.0000          0.0000          0.0000          0.0000          0         33          0       3927
         0.5000          0.0000          0.0000          0.0000          0.0000          0         33          0       3927
         0.7500          0.0000          0.0000          0.0000          0.0000          0         33          0       3927



Hyper-Parameters: 
 - powers........................: (0.43, 0.98, 0.5700000000000001, 1.18, 0.53)
 - weights.......................: (1.9000000000000001, 0.4, 1.8, 0.7000000000000001, 0.30000000000000004)
Fold Wise AUPRC  [0.78, 0.98, 1.00, 0.70, 0.77]
AUC -   0.9958 		AUPRC -   0.8722 

      Threshold       Precision          Recall        F1-Score     Skill Score         FP         FN         TP         TN
         0.0030          0.8929          0.7576          0.8197          0.7568          3          8         25       3924
         0.0010          0.6923          0.8182          0.7500          0.8151         12          6         27       3915
         0.2500          0.0000          0.0000          0.0000          0.0000          0         33          0       3927
         0.5000          0.0000          0.0000          0.0000          0.0000          0         33          0       3927
         0.7500          0.0000          0.0000          0.0000          0.0000          0         33          0       3927



Hyper-Parameters: 
 - powers........................: (0.59, 1.33, 0.68, 1.8900000000000001, 0.9500000000000001)
 - weights.......................: (0.15000000000000002, 0.9, 0.35000000000000003, 0.35000000000000003, 0.2)
Fold Wise AUPRC  [0.86, 0.84, 0.83, 0.76, 0.98]
AUC -   0.9674 		AUPRC -   0.8303 

      Threshold       Precision          Recall        F1-Score     Skill Score         FP         FN         TP         TN
         0.0750          0.9583          0.6970          0.8070          0.6967          1         10         23       3926
         0.0380          0.6444          0.8788          0.7436          0.8747         16          4         29       3911
         0.2500          0.0000          0.0000          0.0000          0.0000          0         33          0       3927
         0.5000          0.0000          0.0000          0.0000          0.0000          0         33          0       3927
         0.7500          0.0000          0.0000          0.0000          0.0000          0         33          0       3927



Hyper-Parameters: 
 - powers........................: (1.21, 1.6300000000000001, 0.88, 1.32, 0.34)
 - weights.......................: (1.3, 0.75, 1.4000000000000001, 0.9500000000000001, 1.75)
Fold Wise AUPRC  [0.73, 1.00, 1.00, 0.62, 0.98]
AUC -   0.9956 		AUPRC -   0.8702 

      Threshold       Precision          Recall        F1-Score     Skill Score         FP         FN         TP         TN
         0.0020          0.8438          0.8182          0.8308          0.8169          5          6         27       3922
         0.0020          0.8438          0.8182          0.8308          0.8169          5          6         27       3922
         0.2500          0.0000          0.0000          0.0000          0.0000          0         33          0       3927
         0.5000          0.0000          0.0000          0.0000          0.0000          0         33          0       3927
         0.7500          0.0000          0.0000          0.0000          0.0000          0         33          0       3927



Hyper-Parameters: 
 - powers........................: (0.61, 1.82, 1.29, 1.43, 0.38)
 - weights.......................: (1.6, 0.5, 0.5, 1.05, 0.7000000000000001)
Fold Wise AUPRC  [0.79, 0.98, 1.00, 0.69, 0.89]
AUC -   0.9953 		AUPRC -   0.8733 

      Threshold       Precision          Recall        F1-Score     Skill Score         FP         FN         TP         TN
         0.0120          0.8966          0.7879          0.8387          0.7871          3          7         26       3924
         0.0020          0.3780          0.9394          0.5391          0.9264         51          2         31       3876
         0.2500          0.0000          0.0000          0.0000          0.0000          0         33          0       3927
         0.5000          0.0000          0.0000          0.0000          0.0000          0         33          0       3927
         0.7500          0.0000          0.0000          0.0000          0.0000          0         33          0       3927



Hyper-Parameters: 
 - powers........................: (0.97, 0.9, 1.7, 1.52, 0.26)
 - weights.......................: (1.5, 1.1500000000000001, 0.75, 1.3, 0.25)
Fold Wise AUPRC  [0.77, 0.85, 0.98, 0.68, 0.88]
AUC -   0.9908 		AUPRC -   0.8165 

      Threshold       Precision          Recall        F1-Score     Skill Score         FP         FN         TP         TN
         0.0050          0.8065          0.7576          0.7812          0.7560          6          8         25       3921
         0.0010          0.3625          0.8788          0.5133          0.8658         51          4         29       3876
         0.2500          0.0000          0.0000          0.0000          0.0000          0         33          0       3927
         0.5000          0.0000          0.0000          0.0000          0.0000          0         33          0       3927
         0.7500          0.0000          0.0000          0.0000          0.0000          0         33          0       3927



Hyper-Parameters: 
 - powers........................: (0.5, 0.76, 1.41, 1.6400000000000001, 0.31)
 - weights.......................: (1.4000000000000001, 0.0, 1.3, 0.45, 0.45)
Fold Wise AUPRC  [0.01, 0.01, 0.01, 0.01, 0.01]
AUC -   0.5000 		AUPRC -   0.0083 

      Threshold       Precision          Recall        F1-Score     Skill Score         FP         FN         TP         TN
         0.0000          0.0000          0.0000          0.0000          0.0000          0         33          0       3927
         0.0000          0.0000          0.0000          0.0000          0.0000          0         33          0       3927
         0.2500          0.0000          0.0000          0.0000          0.0000          0         33          0       3927
         0.5000          0.0000          0.0000          0.0000          0.0000          0         33          0       3927
         0.7500          0.0000          0.0000          0.0000          0.0000          0         33          0       3927



Best Parameters...
 - modelwt4......................: 0.4
 - modelwt2......................: 0.65
 - modelwt3......................: 0.25
 - modelwt0......................: 1.8
 - modelwt1......................: 0.45
 - z_score.......................: 0.90625
 - modelpow4.....................: 0.34
 - modelpow0.....................: 0.3
 - modelpow1.....................: 1.64
 - modelpow2.....................: 0.62
 - modelpow3.....................: 1.94
