

Hyper-Parameters: 
 - ensemble__weights.............: (0.55, 0.5, 1.1, 0.65, 1.6, 0.15000000000000002, 1.9500000000000002, 0.30000000000000004, 0.35000000000000003, 0.45, 1.6)
 - ensemble__powers..............: (0.42, 0.86, 0.58, 1.97, 0.51, 0.77, 0.3, 0.77, 1.61, 0.31, 0.86)
[[ 0.436  0.564]
 [ 0.55   0.45 ]
 [ 0.512  0.488]
 ..., 
 [ 0.819  0.181]
 [ 0.995  0.005]
 [ 0.998  0.002]]
Fold Wise AUPRC  [0.72, 1.00, 1.00, 1.00, 0.70]
AUC -   0.9982 		AUPRC -   0.9033 

      Threshold       Precision          Recall        F1-Score     Skill Score         FP         FN         TP         TN
         0.3770          0.8529          0.8788          0.8657          0.8775          5          4         29       3922
         0.1160          0.2558          1.0000          0.4074          0.9756         96          0         33       3831
         0.2500          0.6977          0.9091          0.7895          0.9058         13          3         30       3914
         0.5000          0.9091          0.6061          0.7273          0.6056          2         13         20       3925
         0.7500          1.0000          0.0303          0.0588          0.0303          0         32          1       3927



Hyper-Parameters: 
 - ensemble__weights.............: (0.30000000000000004, 1.75, 0.35000000000000003, 1.9000000000000001, 0.9, 0.6000000000000001, 0.75, 1.05, 0.35000000000000003, 1.6, 0.65)
 - ensemble__powers..............: (0.26, 0.56, 0.5, 0.31, 1.36, 1.33, 1.08, 1.33, 0.9400000000000001, 0.41000000000000003, 0.78)
[[ 0.358  0.642]
 [ 0.453  0.547]
 [ 0.455  0.545]
 ..., 
 [ 0.927  0.073]
 [ 0.995  0.005]
 [ 0.996  0.004]]
Fold Wise AUPRC  [0.83, 1.00, 1.00, 1.00, 1.00]
AUC -   0.9995 		AUPRC -   0.9351 

      Threshold       Precision          Recall        F1-Score     Skill Score         FP         FN         TP         TN
         0.2540          0.7857          1.0000          0.8800          0.9977          9          0         33       3918
         0.2540          0.7857          1.0000          0.8800          0.9977          9          0         33       3918
         0.2500          0.7674          1.0000          0.8684          0.9975         10          0         33       3917
         0.5000          0.8519          0.6970          0.7667          0.6960          4         10         23       3923
         0.7500          1.0000          0.1212          0.2162          0.1212          0         29          4       3927



Hyper-Parameters: 
 - ensemble__weights.............: (1.6500000000000001, 0.8, 1.5, 1.2000000000000002, 1.8, 1.4000000000000001, 1.5, 0.15000000000000002, 0.05, 0.5, 1.3)
 - ensemble__powers..............: (0.61, 1.46, 1.46, 0.9, 1.12, 1.02, 1.22, 1.95, 0.32, 1.02, 1.95)
[[  3.216e-01   6.784e-01]
 [  4.829e-01   5.171e-01]
 [  3.637e-01   6.363e-01]
 ..., 
 [  8.624e-01   1.376e-01]
 [  9.975e-01   2.492e-03]
 [  9.991e-01   8.872e-04]]
Fold Wise AUPRC  [0.48, 1.00, 1.00, 1.00, 0.81]
AUC -   0.9988 		AUPRC -   0.8758 

      Threshold       Precision          Recall        F1-Score     Skill Score         FP         FN         TP         TN
         0.4060          0.7895          0.9091          0.8451          0.9071          8          3         30       3919
         0.1580          0.4714          1.0000          0.6408          0.9906         37          0         33       3890
         0.2500          0.5926          0.9697          0.7356          0.9641         22          1         32       3905
         0.5000          0.7812          0.7576          0.7692          0.7558          7          8         25       3920
         0.7500          0.9375          0.4545          0.6122          0.4543          1         18         15       3926



Hyper-Parameters: 
 - ensemble__weights.............: (1.05, 0.45, 1.75, 0.8500000000000001, 1.1500000000000001, 0.6000000000000001, 1.8, 1.3, 1.9500000000000002, 0.5, 1.3)
 - ensemble__powers..............: (0.37, 0.67, 0.42, 0.66, 0.48, 0.5700000000000001, 1.85, 0.9400000000000001, 0.32, 0.9, 0.81)
[[ 0.1    0.9  ]
 [ 0.281  0.719]
 [ 0.41   0.59 ]
 ..., 
 [ 0.837  0.163]
 [ 0.999  0.001]
 [ 0.999  0.001]]
Fold Wise AUPRC  [0.96, 1.00, 1.00, 1.00, 0.96]
AUC -   0.9996 		AUPRC -   0.9641 

      Threshold       Precision          Recall        F1-Score     Skill Score         FP         FN         TP         TN
         0.5070          0.9091          0.9091          0.9091          0.9083          3          3         30       3924
         0.2350          0.6111          1.0000          0.7586          0.9947         21          0         33       3906
         0.2500          0.6038          0.9697          0.7442          0.9643         21          1         32       3906
         0.5000          0.8571          0.9091          0.8824          0.9078          5          3         30       3922
         0.7500          1.0000          0.6061          0.7547          0.6061          0         13         20       3927



Hyper-Parameters: 
 - ensemble__weights.............: (0.4, 1.6500000000000001, 1.3, 0.65, 1.9500000000000002, 0.65, 1.7000000000000002, 0.65, 0.45, 1.85, 0.30000000000000004)
 - ensemble__powers..............: (1.33, 0.88, 1.27, 0.98, 0.27, 1.85, 0.79, 1.96, 0.42, 1.81, 0.79)
[[ 0.34   0.66 ]
 [ 0.479  0.521]
 [ 0.392  0.608]
 ..., 
 [ 0.842  0.158]
 [ 0.994  0.006]
 [ 0.994  0.006]]
Fold Wise AUPRC  [0.65, 1.00, 1.00, 1.00, 0.74]
AUC -   0.9988 		AUPRC -   0.8769 

      Threshold       Precision          Recall        F1-Score     Skill Score         FP         FN         TP         TN
         0.3140          0.7895          0.9091          0.8451          0.9071          8          3         30       3919
         0.1810          0.4783          1.0000          0.6471          0.9908         36          0         33       3891
         0.2500          0.7143          0.9091          0.8000          0.9060         12          3         30       3915
         0.5000          0.8214          0.6970          0.7541          0.6957          5         10         23       3922
         0.7500          1.0000          0.1818          0.3077          0.1818          0         27          6       3927



Hyper-Parameters: 
 - ensemble__weights.............: (1.85, 0.15000000000000002, 1.9500000000000002, 0.05, 1.85, 1.4000000000000001, 0.6000000000000001, 1.05, 0.75, 0.4, 0.2)
 - ensemble__powers..............: (0.5, 1.99, 0.42, 0.63, 0.27, 0.55, 1.73, 0.49, 1.59, 0.8, 1.1)
[[ 0.404  0.596]
 [ 0.589  0.411]
 [ 0.563  0.437]
 ..., 
 [ 0.932  0.068]
 [ 0.988  0.012]
 [ 0.988  0.012]]
Fold Wise AUPRC  [0.49, 1.00, 0.98, 1.00, 0.91]
AUC -   0.9991 		AUPRC -   0.8880 

      Threshold       Precision          Recall        F1-Score     Skill Score         FP         FN         TP         TN
         0.2320          0.7442          0.9697          0.8421          0.9669         11          1         32       3916
         0.1940          0.6226          1.0000          0.7674          0.9949         20          0         33       3907
         0.2500          0.7381          0.9394          0.8267          0.9366         11          2         31       3916
         0.5000          0.8636          0.5758          0.6909          0.5750          3         14         19       3924
         0.7500          1.0000          0.1818          0.3077          0.1818          0         27          6       3927



Hyper-Parameters: 
 - ensemble__weights.............: (0.30000000000000004, 1.4500000000000002, 1.1500000000000001, 1.8, 0.75, 0.8, 1.85, 1.05, 0.55, 1.85, 0.9)
 - ensemble__powers..............: (1.5, 0.32, 0.36, 0.6900000000000001, 0.59, 1.06, 1.84, 0.44, 1.1, 0.91, 0.45)
[[ 0.141  0.859]
 [ 0.316  0.684]
 [ 0.243  0.757]
 ..., 
 [ 0.831  0.169]
 [ 0.997  0.003]
 [ 0.997  0.003]]
Fold Wise AUPRC  [0.95, 1.00, 1.00, 1.00, 1.00]
AUC -   0.9995 		AUPRC -   0.9494 

      Threshold       Precision          Recall        F1-Score     Skill Score         FP         FN         TP         TN
         0.5510          0.9310          0.8182          0.8710          0.8177          2          6         27       3925
         0.3030          0.7500          1.0000          0.8571          0.9972         11          0         33       3916
         0.2500          0.6471          1.0000          0.7857          0.9954         18          0         33       3909
         0.5000          0.8286          0.8788          0.8529          0.8773          6          4         29       3921
         0.7500          1.0000          0.5455          0.7059          0.5455          0         15         18       3927



Hyper-Parameters: 
 - ensemble__weights.............: (1.75, 1.4500000000000002, 1.7000000000000002, 1.6500000000000001, 0.45, 1.5, 0.1, 0.5, 0.5, 1.85, 1.1500000000000001)
 - ensemble__powers..............: (0.39, 0.64, 0.26, 1.0, 1.1300000000000001, 0.6, 0.71, 1.31, 1.2, 0.46, 1.41)
[[ 0.252  0.748]
 [ 0.472  0.528]
 [ 0.302  0.698]
 ..., 
 [ 0.989  0.011]
 [ 0.994  0.006]
 [ 0.997  0.003]]
Fold Wise AUPRC  [0.76, 1.00, 1.00, 1.00, 1.00]
AUC -   0.9993 		AUPRC -   0.9199 

      Threshold       Precision          Recall        F1-Score     Skill Score         FP         FN         TP         TN
         0.3100          0.8000          0.9697          0.8767          0.9677          8          1         32       3919
         0.2370          0.7500          1.0000          0.8571          0.9972         11          0         33       3916
         0.2500          0.7500          1.0000          0.8571          0.9972         11          0         33       3916
         0.5000          0.8333          0.7576          0.7937          0.7563          5          8         25       3922
         0.7500          1.0000          0.4848          0.6531          0.4848          0         17         16       3927



Hyper-Parameters: 
 - ensemble__weights.............: (1.4000000000000001, 1.6, 1.85, 0.65, 0.75, 0.1, 1.7000000000000002, 0.5, 1.2000000000000002, 0.6000000000000001, 0.5)
 - ensemble__powers..............: (0.7000000000000001, 1.44, 0.81, 1.32, 0.5, 0.27, 0.5700000000000001, 0.65, 1.9000000000000001, 1.84, 1.61)
[[ 0.312  0.688]
 [ 0.474  0.526]
 [ 0.494  0.506]
 ..., 
 [ 0.843  0.157]
 [ 0.994  0.006]
 [ 0.997  0.003]]
Fold Wise AUPRC  [0.73, 1.00, 1.00, 1.00, 0.82]
AUC -   0.9986 		AUPRC -   0.9034 

      Threshold       Precision          Recall        F1-Score     Skill Score         FP         FN         TP         TN
         0.4100          0.8286          0.8788          0.8529          0.8773          6          4         29       3921
         0.1310          0.2640          1.0000          0.4177          0.9766         92          0         33       3835
         0.2500          0.7045          0.9394          0.8052          0.9361         13          2         31       3914
         0.5000          0.7931          0.6970          0.7419          0.6954          6         10         23       3921
         0.7500          1.0000          0.3636          0.5333          0.3636          0         21         12       3927



Hyper-Parameters: 
 - ensemble__weights.............: (1.05, 0.65, 1.05, 0.35000000000000003, 0.7000000000000001, 1.85, 1.4000000000000001, 1.7000000000000002, 0.8500000000000001, 1.35, 1.6)
 - ensemble__powers..............: (0.46, 0.41000000000000003, 0.52, 0.9400000000000001, 0.34, 0.49, 0.61, 1.59, 0.38, 0.76, 0.6900000000000001)
[[  1.432e-01   8.568e-01]
 [  2.703e-01   7.297e-01]
 [  3.594e-01   6.406e-01]
 ..., 
 [  8.734e-01   1.266e-01]
 [  9.996e-01   3.775e-04]
 [  9.990e-01   9.740e-04]]
Fold Wise AUPRC  [1.00, 1.00, 0.98, 1.00, 0.87]
AUC -   0.9996 		AUPRC -   0.9684 

      Threshold       Precision          Recall        F1-Score     Skill Score         FP         FN         TP         TN
         0.5010          0.9375          0.9091          0.9231          0.9086          2          3         30       3925
         0.2370          0.5077          1.0000          0.6735          0.9919         32          0         33       3895
         0.2500          0.5333          0.9697          0.6882          0.9626         28          1         32       3899
         0.5000          0.9091          0.9091          0.9091          0.9083          3          3         30       3924
         0.7500          1.0000          0.4545          0.6250          0.4545          0         18         15       3927



Hyper-Parameters: 
 - ensemble__weights.............: (0.6000000000000001, 0.05, 1.3, 1.55, 2.0, 0.65, 1.2000000000000002, 0.7000000000000001, 1.55, 0.6000000000000001, 0.15000000000000002)
 - ensemble__powers..............: (1.45, 0.25, 0.33, 1.16, 0.39, 0.66, 0.4, 0.68, 0.66, 0.39, 0.26)
[[ 0.287  0.713]
 [ 0.457  0.543]
 [ 0.481  0.519]
 ..., 
 [ 0.882  0.118]
 [ 0.991  0.009]
 [ 0.991  0.009]]
Fold Wise AUPRC  [0.83, 1.00, 1.00, 1.00, 1.00]
AUC -   0.9994 		AUPRC -   0.9324 

      Threshold       Precision          Recall        F1-Score     Skill Score         FP         FN         TP         TN
         0.3310          0.8000          0.9697          0.8767          0.9677          8          1         32       3919
         0.2800          0.7333          1.0000          0.8462          0.9969         12          0         33       3915
         0.2500          0.6600          1.0000          0.7952          0.9957         17          0         33       3910
         0.5000          0.8333          0.7576          0.7937          0.7563          5          8         25       3922
         0.7500          1.0000          0.3030          0.4651          0.3030          0         23         10       3927



Hyper-Parameters: 
 - ensemble__weights.............: (1.75, 0.8500000000000001, 0.5, 1.35, 0.6000000000000001, 1.6, 1.25, 1.0, 1.0, 0.5, 1.9000000000000001)
 - ensemble__powers..............: (1.9100000000000001, 0.43, 0.4, 0.64, 0.8, 1.49, 1.53, 0.37, 0.68, 0.92, 0.52)
[[  2.248e-01   7.752e-01]
 [  3.024e-01   6.976e-01]
 [  4.415e-01   5.585e-01]
 ..., 
 [  8.860e-01   1.140e-01]
 [  9.990e-01   9.951e-04]
 [  9.989e-01   1.072e-03]]
Fold Wise AUPRC  [0.91, 1.00, 1.00, 1.00, 0.98]
AUC -   0.9997 		AUPRC -   0.9668 

      Threshold       Precision          Recall        F1-Score     Skill Score         FP         FN         TP         TN
         0.4830          0.9118          0.9394          0.9254          0.9386          3          2         31       3924
         0.3080          0.7500          1.0000          0.8571          0.9972         11          0         33       3916
         0.2500          0.6000          1.0000          0.7500          0.9944         22          0         33       3905
         0.5000          0.9118          0.9394          0.9254          0.9386          3          2         31       3924
         0.7500          1.0000          0.5152          0.6800          0.5152          0         16         17       3927



Hyper-Parameters: 
 - ensemble__weights.............: (0.6000000000000001, 1.9500000000000002, 1.75, 0.75, 0.8500000000000001, 1.75, 0.05, 0.5, 1.6, 1.55, 0.7000000000000001)
 - ensemble__powers..............: (0.9400000000000001, 0.42, 1.49, 0.62, 0.91, 0.36, 1.05, 0.78, 1.29, 0.74, 1.72)
[[ 0.228  0.772]
 [ 0.401  0.599]
 [ 0.397  0.603]
 ..., 
 [ 0.993  0.007]
 [ 0.995  0.005]
 [ 0.997  0.003]]
Fold Wise AUPRC  [0.85, 1.00, 1.00, 1.00, 0.95]
AUC -   0.9994 		AUPRC -   0.9353 

      Threshold       Precision          Recall        F1-Score     Skill Score         FP         FN         TP         TN
         0.4150          0.8571          0.9091          0.8824          0.9078          5          3         30       3922
         0.2780          0.7500          1.0000          0.8571          0.9972         11          0         33       3916
         0.2500          0.7021          1.0000          0.8250          0.9964         14          0         33       3913
         0.5000          0.8621          0.7576          0.8065          0.7566          4          8         25       3923
         0.7500          1.0000          0.4242          0.5957          0.4242          0         19         14       3927



Hyper-Parameters: 
 - ensemble__weights.............: (1.1500000000000001, 1.0, 0.8, 1.4500000000000002, 1.5, 0.9500000000000001, 1.55, 0.4, 1.7000000000000002, 1.75, 1.75)
 - ensemble__powers..............: (1.37, 0.88, 0.51, 1.32, 0.68, 0.41000000000000003, 0.55, 0.4, 1.85, 0.61, 1.34)
[[  1.669e-01   8.331e-01]
 [  3.044e-01   6.956e-01]
 [  3.291e-01   6.709e-01]
 ..., 
 [  8.619e-01   1.381e-01]
 [  9.999e-01   5.979e-05]
 [  1.000e+00   3.616e-05]]
Fold Wise AUPRC  [0.91, 1.00, 1.00, 1.00, 0.98]
AUC -   0.9996 		AUPRC -   0.9539 

      Threshold       Precision          Recall        F1-Score     Skill Score         FP         FN         TP         TN
         0.4940          0.8571          0.9091          0.8824          0.9078          5          3         30       3922
         0.2590          0.6875          1.0000          0.8148          0.9962         15          0         33       3912
         0.2500          0.6735          1.0000          0.8049          0.9959         16          0         33       3911
         0.5000          0.8571          0.9091          0.8824          0.9078          5          3         30       3922
         0.7500          1.0000          0.5758          0.7308          0.5758          0         14         19       3927



Hyper-Parameters: 
 - ensemble__weights.............: (1.3, 1.0, 1.9000000000000001, 1.0, 0.35000000000000003, 0.25, 0.65, 1.0, 0.6000000000000001, 0.45, 0.4)
 - ensemble__powers..............: (0.86, 1.93, 0.3, 1.02, 0.93, 1.09, 0.42, 0.35000000000000003, 0.71, 0.29, 0.52)
[[ 0.377  0.623]
 [ 0.563  0.437]
 [ 0.546  0.454]
 ..., 
 [ 0.932  0.068]
 [ 0.991  0.009]
 [ 0.994  0.006]]
Fold Wise AUPRC  [0.71, 1.00, 1.00, 1.00, 1.00]
AUC -   0.9993 		AUPRC -   0.9177 

      Threshold       Precision          Recall        F1-Score     Skill Score         FP         FN         TP         TN
         0.2280          0.7674          1.0000          0.8684          0.9975         10          0         33       3917
         0.2280          0.7674          1.0000          0.8684          0.9975         10          0         33       3917
         0.2500          0.7619          0.9697          0.8533          0.9672         10          1         32       3917
         0.5000          0.8750          0.6364          0.7368          0.6356          3         12         21       3924
         0.7500          1.0000          0.0909          0.1667          0.0909          0         30          3       3927



Hyper-Parameters: 
 - ensemble__weights.............: (0.4, 1.2000000000000002, 0.9500000000000001, 1.3, 0.35000000000000003, 1.75, 1.0, 0.2, 1.7000000000000002, 1.85, 1.0)
 - ensemble__powers..............: (0.37, 0.93, 0.88, 0.45, 0.54, 0.36, 0.31, 0.35000000000000003, 0.3, 0.39, 0.73)
[[ 0.159  0.841]
 [ 0.298  0.702]
 [ 0.29   0.71 ]
 ..., 
 [ 0.902  0.098]
 [ 0.996  0.004]
 [ 0.996  0.004]]
Fold Wise AUPRC  [1.00, 1.00, 1.00, 1.00, 0.98]
AUC -   0.9997 		AUPRC -   0.9687 

      Threshold       Precision          Recall        F1-Score     Skill Score         FP         FN         TP         TN
         0.4400          0.8857          0.9394          0.9118          0.9384          4          2         31       3923
         0.2740          0.7174          1.0000          0.8354          0.9967         13          0         33       3914
         0.2500          0.5690          1.0000          0.7253          0.9936         25          0         33       3902
         0.5000          0.9091          0.9091          0.9091          0.9083          3          3         30       3924
         0.7500          1.0000          0.5152          0.6800          0.5152          0         16         17       3927



Hyper-Parameters: 
 - ensemble__weights.............: (0.5, 1.75, 0.2, 1.6, 0.0, 0.0, 1.6, 1.8, 0.9500000000000001, 0.7000000000000001, 1.6500000000000001)
 - ensemble__powers..............: (0.47000000000000003, 0.61, 1.61, 0.42, 1.62, 0.66, 1.29, 1.6300000000000001, 1.17, 1.72, 0.26)
[[ 0.262  0.738]
 [ 0.304  0.696]
 [ 0.55   0.45 ]
 ..., 
 [ 0.855  0.145]
 [ 0.999  0.001]
 [ 0.999  0.001]]
Fold Wise AUPRC  [0.97, 1.00, 1.00, 1.00, 1.00]
AUC -   0.9998 		AUPRC -   0.9823 

      Threshold       Precision          Recall        F1-Score     Skill Score         FP         FN         TP         TN
         0.3720          0.9394          0.9394          0.9394          0.9389          2          2         31       3925
         0.3030          0.8049          1.0000          0.8919          0.9980          8          0         33       3919
         0.2500          0.7500          1.0000          0.8571          0.9972         11          0         33       3916
         0.5000          1.0000          0.8182          0.9000          0.8182          0          6         27       3927
         0.7500          1.0000          0.1818          0.3077          0.1818          0         27          6       3927



Hyper-Parameters: 
 - ensemble__weights.............: (0.2, 0.45, 0.1, 1.9500000000000002, 0.7000000000000001, 1.6500000000000001, 0.55, 0.5, 0.5, 0.15000000000000002, 0.35000000000000003)
 - ensemble__powers..............: (0.36, 0.42, 0.55, 0.26, 0.72, 0.52, 0.51, 1.57, 0.5700000000000001, 0.28, 1.6300000000000001)
[[ 0.432  0.568]
 [ 0.497  0.503]
 [ 0.531  0.469]
 ..., 
 [ 0.934  0.066]
 [ 0.986  0.014]
 [ 0.988  0.012]]
Fold Wise AUPRC  [0.87, 1.00, 1.00, 1.00, 1.00]
AUC -   0.9996 		AUPRC -   0.9492 

      Threshold       Precision          Recall        F1-Score     Skill Score         FP         FN         TP         TN
         0.2990          0.7857          1.0000          0.8800          0.9977          9          0         33       3918
         0.2990          0.7857          1.0000          0.8800          0.9977          9          0         33       3918
         0.2500          0.7500          1.0000          0.8571          0.9972         11          0         33       3916
         0.5000          0.9565          0.6667          0.7857          0.6664          1         11         22       3926
         0.7500          0.0000          0.0000          0.0000          0.0000          0         33          0       3927



Hyper-Parameters: 
 - ensemble__weights.............: (1.3, 1.25, 0.45, 0.7000000000000001, 1.25, 1.75, 1.3, 1.0, 1.7000000000000002, 0.05, 0.65)
 - ensemble__powers..............: (1.6600000000000001, 1.37, 1.62, 1.72, 0.56, 2.0, 1.6300000000000001, 0.68, 1.72, 1.17, 1.53)
[[ 0.265  0.735]
 [ 0.298  0.702]
 [ 0.549  0.451]
 ..., 
 [ 0.88   0.12 ]
 [ 0.996  0.004]
 [ 0.996  0.004]]
Fold Wise AUPRC  [0.88, 1.00, 1.00, 1.00, 0.95]
AUC -   0.9996 		AUPRC -   0.9553 

      Threshold       Precision          Recall        F1-Score     Skill Score         FP         FN         TP         TN
         0.4130          0.8611          0.9394          0.8986          0.9381          5          2         31       3922
         0.3000          0.7174          1.0000          0.8354          0.9967         13          0         33       3914
         0.2500          0.5156          1.0000          0.6804          0.9921         31          0         33       3896
         0.5000          0.9032          0.8485          0.8750          0.8477          3          5         28       3924
         0.7500          1.0000          0.4545          0.6250          0.4545          0         18         15       3927



Hyper-Parameters: 
 - ensemble__weights.............: (0.8500000000000001, 2.0, 0.9500000000000001, 1.4500000000000002, 0.5, 1.1, 1.0, 0.55, 0.4, 1.9000000000000001, 0.8)
 - ensemble__powers..............: (1.1300000000000001, 0.34, 1.55, 1.58, 1.21, 0.63, 0.28, 0.92, 1.21, 0.63, 0.36)
[[ 0.302  0.698]
 [ 0.436  0.564]
 [ 0.337  0.663]
 ..., 
 [ 0.908  0.092]
 [ 0.999  0.001]
 [ 0.999  0.001]]
Fold Wise AUPRC  [0.80, 1.00, 1.00, 1.00, 1.00]
AUC -   0.9994 		AUPRC -   0.9296 

      Threshold       Precision          Recall        F1-Score     Skill Score         FP         FN         TP         TN
         0.2810          0.7805          0.9697          0.8649          0.9674          9          1         32       3918
         0.2280          0.7500          1.0000          0.8571          0.9972         11          0         33       3916
         0.2500          0.7442          0.9697          0.8421          0.9669         11          1         32       3916
         0.5000          0.8571          0.7273          0.7869          0.7263          4          9         24       3923
         0.7500          1.0000          0.2121          0.3500          0.2121          0         26          7       3927



Best Parameters...
 - modelwt10.....................: 1.65
 - modelwt6......................: 1.6
 - modelwt7......................: 1.8
 - modelwt4......................: 0.0
 - modelwt5......................: 0.0
 - modelwt2......................: 0.2
 - modelwt3......................: 1.6
 - modelwt0......................: 0.5
 - modelwt1......................: 1.75
 - modelpow10....................: 0.26
 - modelwt9......................: 0.7
 - modelwt8......................: 0.95
 - z_score.......................: 0.939393939394
 - modelpow4.....................: 1.62
 - modelpow5.....................: 0.66
 - modelpow6.....................: 1.29
 - modelpow7.....................: 1.63
 - modelpow0.....................: 0.47
 - modelpow1.....................: 0.61
 - modelpow2.....................: 1.61
 - modelpow3.....................: 0.42
 - modelpow8.....................: 1.17
 - modelpow9.....................: 1.72
