

Hyper-Parameters: 
 - ensemble__weights.............: (1.1500000000000001, 1.7000000000000002, 1.1, 1.9500000000000002, 0.30000000000000004, 1.85, 0.0, 1.8, 1.8, 0.7000000000000001, 0.9, 0.30000000000000004, 1.7000000000000002)
 - ensemble__powers..............: (1.28, 0.47000000000000003, 0.65, 1.67, 0.8, 1.87, 0.75, 0.56, 1.61, 1.34, 0.6900000000000001, 0.7000000000000001, 0.96)
[[ 0.291  0.709]
 [ 0.411  0.589]
 [ 0.457  0.543]
 ..., 
 [ 0.857  0.143]
 [ 0.992  0.008]
 [ 0.993  0.007]]
Fold Wise AUPRC  [0.63, 1.00, 1.00, 1.00, 1.00]
AUC -   0.9993 		AUPRC -   0.9198 

