

Hyper-Parameters: 
 - powers........................: (1.04, 0.25, 0.51, 0.33, 0.29)
 - weights.......................: (1.2000000000000002, 0.6000000000000001, 1.5, 0.8500000000000001, 1.4000000000000001)
Fold Wise AUPRC  [0.75, 0.98, 1.00, 0.63, 0.90]
AUC -   0.9971 		AUPRC -   0.8669 

      Threshold       Precision          Recall        F1-Score     Skill Score         FP         FN         TP         TN
         0.0010          0.7778          0.8485          0.8116          0.8464          8          5         28       3919
         0.0010          0.7778          0.8485          0.8116          0.8464          8          5         28       3919
         0.2500          0.0000          0.0000          0.0000          0.0000          0         33          0       3927
         0.5000          0.0000          0.0000          0.0000          0.0000          0         33          0       3927
         0.7500          0.0000          0.0000          0.0000          0.0000          0         33          0       3927



Hyper-Parameters: 
 - powers........................: (0.4, 0.27, 0.42, 0.58, 1.73)
 - weights.......................: (1.2000000000000002, 0.75, 1.8, 0.1, 0.1)
Fold Wise AUPRC  [0.79, 0.93, 1.00, 0.65, 0.79]
AUC -   0.9954 		AUPRC -   0.8417 

      Threshold       Precision          Recall        F1-Score     Skill Score         FP         FN         TP         TN
         0.0030          0.8276          0.7273          0.7742          0.7260          5          9         24       3922
         0.0010          0.7222          0.7879          0.7536          0.7853         10          7         26       3917
         0.2500          0.0000          0.0000          0.0000          0.0000          0         33          0       3927
         0.5000          0.0000          0.0000          0.0000          0.0000          0         33          0       3927
         0.7500          0.0000          0.0000          0.0000          0.0000          0         33          0       3927



Hyper-Parameters: 
 - powers........................: (0.9, 0.58, 0.41000000000000003, 0.9, 0.64)
 - weights.......................: (0.2, 1.85, 0.35000000000000003, 0.0, 0.55)
Fold Wise AUPRC  [0.01, 0.01, 0.01, 0.01, 0.01]
AUC -   0.5000 		AUPRC -   0.0083 

      Threshold       Precision          Recall        F1-Score     Skill Score         FP         FN         TP         TN
         0.0000          0.0000          0.0000          0.0000          0.0000          0         33          0       3927
         0.0000          0.0000          0.0000          0.0000          0.0000          0         33          0       3927
         0.2500          0.0000          0.0000          0.0000          0.0000          0         33          0       3927
         0.5000          0.0000          0.0000          0.0000          0.0000          0         33          0       3927
         0.7500          0.0000          0.0000          0.0000          0.0000          0         33          0       3927



Hyper-Parameters: 
 - powers........................: (0.75, 0.28, 0.27, 0.59, 1.6300000000000001)
 - weights.......................: (1.9000000000000001, 1.9000000000000001, 1.75, 1.35, 0.75)
Fold Wise AUPRC  [0.85, 0.89, 0.98, 0.65, 1.00]
AUC -   0.9888 		AUPRC -   0.8489 

      Threshold       Precision          Recall        F1-Score     Skill Score         FP         FN         TP         TN
         0.0010          0.8571          0.7273          0.7869          0.7263          4          9         24       3923
         0.0010          0.8571          0.7273          0.7869          0.7263          4          9         24       3923
         0.2500          0.0000          0.0000          0.0000          0.0000          0         33          0       3927
         0.5000          0.0000          0.0000          0.0000          0.0000          0         33          0       3927
         0.7500          0.0000          0.0000          0.0000          0.0000          0         33          0       3927



Hyper-Parameters: 
 - powers........................: (1.95, 1.11, 0.99, 0.29, 0.55)
 - weights.......................: (0.9, 0.9500000000000001, 1.2000000000000002, 1.4500000000000002, 1.1)
Fold Wise AUPRC  [0.71, 0.86, 1.00, 0.71, 0.88]
AUC -   0.9907 		AUPRC -   0.8437 

      Threshold       Precision          Recall        F1-Score     Skill Score         FP         FN         TP         TN
         0.0030          0.8519          0.6970          0.7667          0.6960          4         10         23       3923
         0.0010          0.6585          0.8182          0.7297          0.8146         14          6         27       3913
         0.2500          0.0000          0.0000          0.0000          0.0000          0         33          0       3927
         0.5000          0.0000          0.0000          0.0000          0.0000          0         33          0       3927
         0.7500          0.0000          0.0000          0.0000          0.0000          0         33          0       3927



Hyper-Parameters: 
 - powers........................: (1.31, 0.63, 0.27, 0.72, 0.87)
 - weights.......................: (1.55, 1.1500000000000001, 1.85, 2.0, 1.9500000000000002)
Fold Wise AUPRC  [0.74, 0.94, 1.00, 0.69, 0.96]
AUC -   0.9949 		AUPRC -   0.8697 

      Threshold       Precision          Recall        F1-Score     Skill Score         FP         FN         TP         TN
         0.0010          0.9130          0.6364          0.7500          0.6359          2         12         21       3925
         0.0010          0.9130          0.6364          0.7500          0.6359          2         12         21       3925
         0.2500          0.0000          0.0000          0.0000          0.0000          0         33          0       3927
         0.5000          0.0000          0.0000          0.0000          0.0000          0         33          0       3927
         0.7500          0.0000          0.0000          0.0000          0.0000          0         33          0       3927



Hyper-Parameters: 
 - powers........................: (1.52, 0.96, 0.41000000000000003, 0.9400000000000001, 0.47000000000000003)
 - weights.......................: (1.05, 1.5, 0.15000000000000002, 1.0, 0.0)
Fold Wise AUPRC  [0.01, 0.01, 0.01, 0.01, 0.01]
AUC -   0.5000 		AUPRC -   0.0083 

      Threshold       Precision          Recall        F1-Score     Skill Score         FP         FN         TP         TN
         0.0000          0.0000          0.0000          0.0000          0.0000          0         33          0       3927
         0.0000          0.0000          0.0000          0.0000          0.0000          0         33          0       3927
         0.2500          0.0000          0.0000          0.0000          0.0000          0         33          0       3927
         0.5000          0.0000          0.0000          0.0000          0.0000          0         33          0       3927
         0.7500          0.0000          0.0000          0.0000          0.0000          0         33          0       3927



Hyper-Parameters: 
 - powers........................: (0.29, 1.03, 0.77, 0.3, 0.98)
 - weights.......................: (0.2, 1.8, 1.35, 1.55, 1.1)
Fold Wise AUPRC  [0.69, 0.79, 0.84, 0.84, 0.93]
AUC -   0.9694 		AUPRC -   0.7751 

      Threshold       Precision          Recall        F1-Score     Skill Score         FP         FN         TP         TN
         0.0020          0.7273          0.7273          0.7273          0.7250          9          9         24       3918
         0.0010          0.5319          0.7576          0.6250          0.7520         22          8         25       3905
         0.2500          0.0000          0.0000          0.0000          0.0000          0         33          0       3927
         0.5000          0.0000          0.0000          0.0000          0.0000          0         33          0       3927
         0.7500          0.0000          0.0000          0.0000          0.0000          0         33          0       3927



Hyper-Parameters: 
 - powers........................: (0.37, 0.43, 1.33, 0.49, 1.02)
 - weights.......................: (1.8, 1.2000000000000002, 0.5, 1.3, 1.2000000000000002)
Fold Wise AUPRC  [0.78, 0.95, 1.00, 0.68, 0.93]
AUC -   0.9930 		AUPRC -   0.8387 

      Threshold       Precision          Recall        F1-Score     Skill Score         FP         FN         TP         TN
         0.0050          0.8889          0.7273          0.8000          0.7265          3          9         24       3924
         0.0010          0.5510          0.8182          0.6585          0.8126         22          6         27       3905
         0.2500          0.0000          0.0000          0.0000          0.0000          0         33          0       3927
         0.5000          0.0000          0.0000          0.0000          0.0000          0         33          0       3927
         0.7500          0.0000          0.0000          0.0000          0.0000          0         33          0       3927



Hyper-Parameters: 
 - powers........................: (0.7000000000000001, 0.7000000000000001, 0.26, 1.79, 1.21)
 - weights.......................: (0.25, 1.05, 1.6, 0.35000000000000003, 1.6)
Fold Wise AUPRC  [0.56, 0.91, 0.97, 0.74, 0.93]
AUC -   0.9833 		AUPRC -   0.8117 

      Threshold       Precision          Recall        F1-Score     Skill Score         FP         FN         TP         TN
         0.0070          0.8148          0.6667          0.7333          0.6654          5         11         22       3922
         0.0010          0.6279          0.8182          0.7105          0.8141         16          6         27       3911
         0.2500          0.0000          0.0000          0.0000          0.0000          0         33          0       3927
         0.5000          0.0000          0.0000          0.0000          0.0000          0         33          0       3927
         0.7500          0.0000          0.0000          0.0000          0.0000          0         33          0       3927



Hyper-Parameters: 
 - powers........................: (1.01, 0.54, 0.49, 1.6500000000000001, 0.56)
 - weights.......................: (1.4000000000000001, 0.5, 2.0, 0.45, 1.05)
Fold Wise AUPRC  [0.70, 0.96, 1.00, 0.70, 0.76]
AUC -   0.9977 		AUPRC -   0.8549 

      Threshold       Precision          Recall        F1-Score     Skill Score         FP         FN         TP         TN
         0.0020          0.8333          0.7576          0.7937          0.7563          5          8         25       3922
         0.0020          0.8333          0.7576          0.7937          0.7563          5          8         25       3922
         0.2500          0.0000          0.0000          0.0000          0.0000          0         33          0       3927
         0.5000          0.0000          0.0000          0.0000          0.0000          0         33          0       3927
         0.7500          0.0000          0.0000          0.0000          0.0000          0         33          0       3927



Hyper-Parameters: 
 - powers........................: (0.97, 0.41000000000000003, 1.25, 1.19, 0.26)
 - weights.......................: (0.5, 0.9, 0.2, 1.35, 1.2000000000000002)
Fold Wise AUPRC  [0.64, 0.85, 0.98, 0.79, 0.85]
AUC -   0.9836 		AUPRC -   0.8104 

      Threshold       Precision          Recall        F1-Score     Skill Score         FP         FN         TP         TN
         0.0040          0.7353          0.7576          0.7463          0.7553          9          8         25       3918
         0.0010          0.3030          0.9091          0.4545          0.8915         69          3         30       3858
         0.2500          0.0000          0.0000          0.0000          0.0000          0         33          0       3927
         0.5000          0.0000          0.0000          0.0000          0.0000          0         33          0       3927
         0.7500          0.0000          0.0000          0.0000          0.0000          0         33          0       3927



Hyper-Parameters: 
 - powers........................: (0.71, 1.98, 1.08, 0.8300000000000001, 1.87)
 - weights.......................: (1.0, 0.75, 0.35000000000000003, 1.6500000000000001, 0.9500000000000001)
Fold Wise AUPRC  [0.73, 0.90, 1.00, 0.68, 0.80]
AUC -   0.9928 		AUPRC -   0.8254 

      Threshold       Precision          Recall        F1-Score     Skill Score         FP         FN         TP         TN
         0.0040          0.8800          0.6667          0.7586          0.6659          3         11         22       3924
         0.0010          0.5957          0.8485          0.7000          0.8436         19          5         28       3908
         0.2500          0.0000          0.0000          0.0000          0.0000          0         33          0       3927
         0.5000          0.0000          0.0000          0.0000          0.0000          0         33          0       3927
         0.7500          0.0000          0.0000          0.0000          0.0000          0         33          0       3927



Hyper-Parameters: 
 - powers........................: (0.87, 0.99, 1.1300000000000001, 1.47, 1.81)
 - weights.......................: (2.0, 1.4500000000000002, 0.2, 0.8, 1.4000000000000001)
Fold Wise AUPRC  [0.87, 0.97, 1.00, 0.68, 0.95]
AUC -   0.9926 		AUPRC -   0.8611 

      Threshold       Precision          Recall        F1-Score     Skill Score         FP         FN         TP         TN
         0.0170          1.0000          0.7273          0.8421          0.7273          0          9         24       3927
         0.0090          0.8438          0.8182          0.8308          0.8169          5          6         27       3922
         0.2500          0.0000          0.0000          0.0000          0.0000          0         33          0       3927
         0.5000          0.0000          0.0000          0.0000          0.0000          0         33          0       3927
         0.7500          0.0000          0.0000          0.0000          0.0000          0         33          0       3927



Hyper-Parameters: 
 - powers........................: (1.74, 0.35000000000000003, 1.05, 0.49, 0.35000000000000003)
 - weights.......................: (1.3, 0.9500000000000001, 0.15000000000000002, 1.8, 1.85)
Fold Wise AUPRC  [0.71, 0.91, 1.00, 0.69, 0.92]
AUC -   0.9940 		AUPRC -   0.8369 

      Threshold       Precision          Recall        F1-Score     Skill Score         FP         FN         TP         TN
         0.0010          0.8333          0.7576          0.7937          0.7563          5          8         25       3922
         0.0010          0.8333          0.7576          0.7937          0.7563          5          8         25       3922
         0.2500          0.0000          0.0000          0.0000          0.0000          0         33          0       3927
         0.5000          0.0000          0.0000          0.0000          0.0000          0         33          0       3927
         0.7500          0.0000          0.0000          0.0000          0.0000          0         33          0       3927



Hyper-Parameters: 
 - powers........................: (1.08, 0.75, 0.37, 0.44, 0.43)
 - weights.......................: (0.7000000000000001, 0.0, 1.75, 0.1, 0.65)
Fold Wise AUPRC  [0.01, 0.01, 0.01, 0.01, 0.01]
AUC -   0.5000 		AUPRC -   0.0083 

      Threshold       Precision          Recall        F1-Score     Skill Score         FP         FN         TP         TN
         0.0000          0.0000          0.0000          0.0000          0.0000          0         33          0       3927
         0.0000          0.0000          0.0000          0.0000          0.0000          0         33          0       3927
         0.2500          0.0000          0.0000          0.0000          0.0000          0         33          0       3927
         0.5000          0.0000          0.0000          0.0000          0.0000          0         33          0       3927
         0.7500          0.0000          0.0000          0.0000          0.0000          0         33          0       3927



Hyper-Parameters: 
 - powers........................: (0.37, 0.72, 0.36, 0.38, 1.02)
 - weights.......................: (1.2000000000000002, 1.4000000000000001, 1.5, 1.75, 1.9500000000000002)
Fold Wise AUPRC  [0.73, 0.92, 0.98, 0.71, 0.95]
AUC -   0.9897 		AUPRC -   0.8469 

      Threshold       Precision          Recall        F1-Score     Skill Score         FP         FN         TP         TN
         0.0010          0.9200          0.6970          0.7931          0.6965          2         10         23       3925
         0.0010          0.9200          0.6970          0.7931          0.6965          2         10         23       3925
         0.2500          0.0000          0.0000          0.0000          0.0000          0         33          0       3927
         0.5000          0.0000          0.0000          0.0000          0.0000          0         33          0       3927
         0.7500          0.0000          0.0000          0.0000          0.0000          0         33          0       3927



Hyper-Parameters: 
 - powers........................: (0.27, 0.99, 1.7, 0.61, 0.79)
 - weights.......................: (0.1, 1.25, 1.35, 1.6500000000000001, 1.4000000000000001)
Fold Wise AUPRC  [0.56, 0.82, 0.92, 0.84, 0.92]
AUC -   0.9773 		AUPRC -   0.7779 

      Threshold       Precision          Recall        F1-Score     Skill Score         FP         FN         TP         TN
         0.0150          0.9500          0.5758          0.7170          0.5755          1         14         19       3926
         0.0010          0.5435          0.7576          0.6329          0.7522         21          8         25       3906
         0.2500          0.0000          0.0000          0.0000          0.0000          0         33          0       3927
         0.5000          0.0000          0.0000          0.0000          0.0000          0         33          0       3927
         0.7500          0.0000          0.0000          0.0000          0.0000          0         33          0       3927



Hyper-Parameters: 
 - powers........................: (0.85, 0.86, 0.54, 0.33, 1.19)
 - weights.......................: (0.5, 0.9500000000000001, 0.4, 1.2000000000000002, 1.8)
Fold Wise AUPRC  [0.70, 0.95, 0.98, 0.76, 0.91]
AUC -   0.9854 		AUPRC -   0.8321 

      Threshold       Precision          Recall        F1-Score     Skill Score         FP         FN         TP         TN
         0.0070          0.8571          0.7273          0.7869          0.7263          4          9         24       3923
         0.0010          0.3125          0.9091          0.4651          0.8923         66          3         30       3861
         0.2500          0.0000          0.0000          0.0000          0.0000          0         33          0       3927
         0.5000          0.0000          0.0000          0.0000          0.0000          0         33          0       3927
         0.7500          0.0000          0.0000          0.0000          0.0000          0         33          0       3927



Hyper-Parameters: 
 - powers........................: (1.6600000000000001, 1.7, 0.43, 0.51, 0.72)
 - weights.......................: (0.9500000000000001, 1.3, 0.55, 2.0, 1.6500000000000001)
Fold Wise AUPRC  [0.66, 0.82, 0.98, 0.71, 0.86]
AUC -   0.9865 		AUPRC -   0.8058 

      Threshold       Precision          Recall        F1-Score     Skill Score         FP         FN         TP         TN
         0.0020          0.9500          0.5758          0.7170          0.5755          1         14         19       3926
         0.0010          0.7500          0.6364          0.6885          0.6346          7         12         21       3920
         0.2500          0.0000          0.0000          0.0000          0.0000          0         33          0       3927
         0.5000          0.0000          0.0000          0.0000          0.0000          0         33          0       3927
         0.7500          0.0000          0.0000          0.0000          0.0000          0         33          0       3927



Hyper-Parameters: 
 - powers........................: (0.54, 1.41, 0.7000000000000001, 1.3800000000000001, 0.25)
 - weights.......................: (1.6500000000000001, 0.2, 0.8, 0.7000000000000001, 1.4500000000000002)
Fold Wise AUPRC  [0.76, 1.00, 1.00, 0.78, 0.94]
AUC -   0.9966 		AUPRC -   0.9116 

      Threshold       Precision          Recall        F1-Score     Skill Score         FP         FN         TP         TN
         0.0210          0.9310          0.8182          0.8710          0.8177          2          6         27       3925
         0.0050          0.7209          0.9394          0.8158          0.9363         12          2         31       3915
         0.2500          0.0000          0.0000          0.0000          0.0000          0         33          0       3927
         0.5000          0.0000          0.0000          0.0000          0.0000          0         33          0       3927
         0.7500          0.0000          0.0000          0.0000          0.0000          0         33          0       3927



Hyper-Parameters: 
 - powers........................: (0.54, 1.45, 0.71, 1.33, 1.4000000000000001)
 - weights.......................: (1.7000000000000002, 0.1, 0.8, 0.7000000000000001, 1.4000000000000001)
Fold Wise AUPRC  [0.75, 1.00, 1.00, 0.78, 0.93]
AUC -   0.9966 		AUPRC -   0.9092 

      Threshold       Precision          Recall        F1-Score     Skill Score         FP         FN         TP         TN
         0.0230          0.9310          0.8182          0.8710          0.8177          2          6         27       3925
         0.0050          0.7209          0.9394          0.8158          0.9363         12          2         31       3915
         0.2500          0.0000          0.0000          0.0000          0.0000          0         33          0       3927
         0.5000          0.0000          0.0000          0.0000          0.0000          0         33          0       3927
         0.7500          0.0000          0.0000          0.0000          0.0000          0         33          0       3927



Hyper-Parameters: 
 - powers........................: (0.52, 1.33, 0.74, 1.24, 1.3800000000000001)
 - weights.......................: (1.6500000000000001, 0.05, 0.8500000000000001, 0.6000000000000001, 1.6)
Fold Wise AUPRC  [0.84, 1.00, 1.00, 0.73, 0.96]
AUC -   0.9966 		AUPRC -   0.9105 

      Threshold       Precision          Recall        F1-Score     Skill Score         FP         FN         TP         TN
         0.0060          0.8108          0.9091          0.8571          0.9073          7          3         30       3920
         0.0040          0.7381          0.9394          0.8267          0.9366         11          2         31       3916
         0.2500          0.0000          0.0000          0.0000          0.0000          0         33          0       3927
         0.5000          0.0000          0.0000          0.0000          0.0000          0         33          0       3927
         0.7500          0.0000          0.0000          0.0000          0.0000          0         33          0       3927



Hyper-Parameters: 
 - powers........................: (0.53, 1.48, 0.63, 1.99, 0.34)
 - weights.......................: (1.6500000000000001, 0.25, 0.75, 0.7000000000000001, 0.45)
Fold Wise AUPRC  [0.83, 1.00, 1.00, 0.73, 0.87]
AUC -   0.9963 		AUPRC -   0.9174 

      Threshold       Precision          Recall        F1-Score     Skill Score         FP         FN         TP         TN
         0.0180          0.9062          0.8788          0.8923          0.8780          3          4         29       3924
         0.0020          0.3077          0.9697          0.4672          0.9514         72          1         32       3855
         0.2500          0.0000          0.0000          0.0000          0.0000          0         33          0       3927
         0.5000          0.0000          0.0000          0.0000          0.0000          0         33          0       3927
         0.7500          0.0000          0.0000          0.0000          0.0000          0         33          0       3927



Hyper-Parameters: 
 - powers........................: (0.55, 1.99, 0.59, 1.97, 0.34)
 - weights.......................: (2.0, 0.25, 0.9500000000000001, 0.30000000000000004, 0.30000000000000004)
Fold Wise AUPRC  [0.83, 1.00, 1.00, 0.73, 0.81]
AUC -   0.9963 		AUPRC -   0.9070 

      Threshold       Precision          Recall        F1-Score     Skill Score         FP         FN         TP         TN
         0.0130          0.8788          0.8788          0.8788          0.8778          4          4         29       3923
         0.0020          0.5079          0.9697          0.6667          0.9618         31          1         32       3896
         0.2500          0.0000          0.0000          0.0000          0.0000          0         33          0       3927
         0.5000          0.0000          0.0000          0.0000          0.0000          0         33          0       3927
         0.7500          0.0000          0.0000          0.0000          0.0000          0         33          0       3927



Hyper-Parameters: 
 - powers........................: (0.47000000000000003, 1.97, 0.61, 1.08, 0.33)
 - weights.......................: (2.0, 0.30000000000000004, 1.0, 0.35000000000000003, 0.25)
Fold Wise AUPRC  [0.83, 1.00, 1.00, 0.73, 0.81]
AUC -   0.9962 		AUPRC -   0.9038 

      Threshold       Precision          Recall        F1-Score     Skill Score         FP         FN         TP         TN
         0.0090          0.8529          0.8788          0.8657          0.8775          5          4         29       3922
         0.0010          0.4444          0.9697          0.6095          0.9595         40          1         32       3887
         0.2500          0.0000          0.0000          0.0000          0.0000          0         33          0       3927
         0.5000          0.0000          0.0000          0.0000          0.0000          0         33          0       3927
         0.7500          0.0000          0.0000          0.0000          0.0000          0         33          0       3927



Hyper-Parameters: 
 - powers........................: (0.62, 1.69, 0.86, 1.98, 0.41000000000000003)
 - weights.......................: (1.4500000000000002, 0.35000000000000003, 1.05, 1.05, 0.35000000000000003)
Fold Wise AUPRC  [0.83, 1.00, 1.00, 0.71, 0.79]
AUC -   0.9960 		AUPRC -   0.8915 

      Threshold       Precision          Recall        F1-Score     Skill Score         FP         FN         TP         TN
         0.0100          0.8710          0.8182          0.8438          0.8172          4          6         27       3923
         0.0010          0.4429          0.9394          0.6019          0.9295         39          2         31       3888
         0.2500          0.0000          0.0000          0.0000          0.0000          0         33          0       3927
         0.5000          0.0000          0.0000          0.0000          0.0000          0         33          0       3927
         0.7500          0.0000          0.0000          0.0000          0.0000          0         33          0       3927



Hyper-Parameters: 
 - powers........................: (0.3, 1.6400000000000001, 0.62, 1.94, 0.34)
 - weights.......................: (1.8, 0.45, 0.65, 0.25, 0.4)
Fold Wise AUPRC  [0.78, 1.00, 1.00, 0.66, 0.96]
AUC -   0.9956 		AUPRC -   0.9056 

      Threshold       Precision          Recall        F1-Score     Skill Score         FP         FN         TP         TN
         0.0190          0.9355          0.8788          0.9062          0.8783          2          4         29       3925
         0.0040          0.5000          0.9394          0.6526          0.9315         31          2         31       3896
         0.2500          0.0000          0.0000          0.0000          0.0000          0         33          0       3927
         0.5000          0.0000          0.0000          0.0000          0.0000          0         33          0       3927
         0.7500          0.0000          0.0000          0.0000          0.0000          0         33          0       3927



Hyper-Parameters: 
 - powers........................: (0.31, 1.27, 0.31, 1.59, 0.29)
 - weights.......................: (1.8, 0.55, 0.6000000000000001, 0.5, 0.45)
Fold Wise AUPRC  [0.82, 0.98, 1.00, 0.69, 1.00]
AUC -   0.9954 		AUPRC -   0.9051 

      Threshold       Precision          Recall        F1-Score     Skill Score         FP         FN         TP         TN
         0.0120          0.8824          0.9091          0.8955          0.9081          4          3         30       3923
         0.0010          0.3069          0.9394          0.4627          0.9216         70          2         31       3857
         0.2500          0.0000          0.0000          0.0000          0.0000          0         33          0       3927
         0.5000          0.0000          0.0000          0.0000          0.0000          0         33          0       3927
         0.7500          0.0000          0.0000          0.0000          0.0000          0         33          0       3927



Hyper-Parameters: 
 - powers........................: (0.31, 1.2, 0.33, 1.54, 0.29)
 - weights.......................: (1.85, 0.5, 0.65, 0.5, 0.8500000000000001)
Fold Wise AUPRC  [0.80, 1.00, 1.00, 0.66, 1.00]
AUC -   0.9957 		AUPRC -   0.8947 

      Threshold       Precision          Recall        F1-Score     Skill Score         FP         FN         TP         TN
         0.0110          0.9062          0.8788          0.8923          0.8780          3          4         29       3924
         0.0020          0.4559          0.9394          0.6139          0.9300         37          2         31       3890
         0.2500          0.0000          0.0000          0.0000          0.0000          0         33          0       3927
         0.5000          0.0000          0.0000          0.0000          0.0000          0         33          0       3927
         0.7500          0.0000          0.0000          0.0000          0.0000          0         33          0       3927



Hyper-Parameters: 
 - powers........................: (0.33, 1.22, 0.3, 1.06, 0.28)
 - weights.......................: (1.5, 0.75, 0.65, 0.1, 0.15000000000000002)
Fold Wise AUPRC  [0.88, 0.95, 0.98, 0.69, 1.00]
AUC -   0.9941 		AUPRC -   0.8823 

      Threshold       Precision          Recall        F1-Score     Skill Score         FP         FN         TP         TN
         0.0350          0.9630          0.7879          0.8667          0.7876          1          7         26       3926
         0.0040          0.4688          0.9091          0.6186          0.9004         34          3         30       3893
         0.2500          0.0000          0.0000          0.0000          0.0000          0         33          0       3927
         0.5000          0.0000          0.0000          0.0000          0.0000          0         33          0       3927
         0.7500          0.0000          0.0000          0.0000          0.0000          0         33          0       3927



Hyper-Parameters: 
 - powers........................: (0.25, 1.7, 1.95, 1.73, 0.39)
 - weights.......................: (1.3, 0.6000000000000001, 1.1500000000000001, 0.2, 0.55)
Fold Wise AUPRC  [0.81, 0.96, 1.00, 0.63, 0.91]
AUC -   0.9950 		AUPRC -   0.8744 

      Threshold       Precision          Recall        F1-Score     Skill Score         FP         FN         TP         TN
         0.0070          0.8485          0.8485          0.8485          0.8472          5          5         28       3922
         0.0010          0.6000          0.9091          0.7229          0.9040         20          3         30       3907
         0.2500          0.0000          0.0000          0.0000          0.0000          0         33          0       3927
         0.5000          0.0000          0.0000          0.0000          0.0000          0         33          0       3927
         0.7500          0.0000          0.0000          0.0000          0.0000          0         33          0       3927



Hyper-Parameters: 
 - powers........................: (0.41000000000000003, 0.87, 0.5, 0.73, 0.51)
 - weights.......................: (1.8, 0.65, 0.5, 0.9, 0.0)
Fold Wise AUPRC  [0.01, 0.01, 0.01, 0.01, 0.01]
AUC -   0.5000 		AUPRC -   0.0083 

      Threshold       Precision          Recall        F1-Score     Skill Score         FP         FN         TP         TN
         0.0000          0.0000          0.0000          0.0000          0.0000          0         33          0       3927
         0.0000          0.0000          0.0000          0.0000          0.0000          0         33          0       3927
         0.2500          0.0000          0.0000          0.0000          0.0000          0         33          0       3927
         0.5000          0.0000          0.0000          0.0000          0.0000          0         33          0       3927
         0.7500          0.0000          0.0000          0.0000          0.0000          0         33          0       3927



Hyper-Parameters: 
 - powers........................: (0.43, 1.59, 0.31, 1.02, 0.64)
 - weights.......................: (1.1500000000000001, 0.45, 0.05, 0.0, 0.75)
Fold Wise AUPRC  [0.01, 0.01, 0.01, 0.01, 0.01]
AUC -   0.5000 		AUPRC -   0.0083 

      Threshold       Precision          Recall        F1-Score     Skill Score         FP         FN         TP         TN
         0.0000          0.0000          0.0000          0.0000          0.0000          0         33          0       3927
         0.0000          0.0000          0.0000          0.0000          0.0000          0         33          0       3927
         0.2500          0.0000          0.0000          0.0000          0.0000          0         33          0       3927
         0.5000          0.0000          0.0000          0.0000          0.0000          0         33          0       3927
         0.7500          0.0000          0.0000          0.0000          0.0000          0         33          0       3927



Hyper-Parameters: 
 - powers........................: (0.25, 1.22, 0.84, 0.84, 0.28)
 - weights.......................: (0.8, 0.8, 0.65, 0.5, 0.15000000000000002)
Fold Wise AUPRC  [0.85, 0.89, 0.98, 0.65, 1.00]
AUC -   0.9885 		AUPRC -   0.8460 

      Threshold       Precision          Recall        F1-Score     Skill Score         FP         FN         TP         TN
         0.0350          0.8966          0.7879          0.8387          0.7871          3          7         26       3924
         0.0030          0.2479          0.9091          0.3896          0.8859         91          3         30       3836
         0.2500          0.0000          0.0000          0.0000          0.0000          0         33          0       3927
         0.5000          0.0000          0.0000          0.0000          0.0000          0         33          0       3927
         0.7500          0.0000          0.0000          0.0000          0.0000          0         33          0       3927



Hyper-Parameters: 
 - powers........................: (0.35000000000000003, 0.85, 1.42, 1.82, 0.47000000000000003)
 - weights.......................: (1.9000000000000001, 0.6000000000000001, 0.30000000000000004, 0.25, 0.45)
Fold Wise AUPRC  [0.90, 0.98, 1.00, 0.69, 1.00]
AUC -   0.9951 		AUPRC -   0.8884 

      Threshold       Precision          Recall        F1-Score     Skill Score         FP         FN         TP         TN
         0.0410          0.9643          0.8182          0.8852          0.8179          1          6         27       3926
         0.0010          0.3298          0.9394          0.4882          0.9234         63          2         31       3864
         0.2500          0.0000          0.0000          0.0000          0.0000          0         33          0       3927
         0.5000          0.0000          0.0000          0.0000          0.0000          0         33          0       3927
         0.7500          0.0000          0.0000          0.0000          0.0000          0         33          0       3927



Hyper-Parameters: 
 - powers........................: (0.29, 0.54, 0.46, 1.59, 0.3)
 - weights.......................: (1.55, 0.15000000000000002, 0.05, 1.1500000000000001, 0.65)
Fold Wise AUPRC  [0.65, 0.98, 1.00, 0.78, 0.67]
AUC -   0.9955 		AUPRC -   0.8142 

      Threshold       Precision          Recall        F1-Score     Skill Score         FP         FN         TP         TN
         0.0190          0.9200          0.6970          0.7931          0.6965          2         10         23       3925
         0.0030          0.3516          0.9697          0.5161          0.9547         59          1         32       3868
         0.2500          0.0000          0.0000          0.0000          0.0000          0         33          0       3927
         0.5000          0.0000          0.0000          0.0000          0.0000          0         33          0       3927
         0.7500          0.0000          0.0000          0.0000          0.0000          0         33          0       3927



Hyper-Parameters: 
 - powers........................: (0.44, 1.1, 0.9400000000000001, 1.18, 0.38)
 - weights.......................: (1.35, 0.4, 0.9, 0.9, 0.05)
Fold Wise AUPRC  [0.86, 1.00, 1.00, 0.69, 0.83]
AUC -   0.9954 		AUPRC -   0.8927 

      Threshold       Precision          Recall        F1-Score     Skill Score         FP         FN         TP         TN
         0.0170          0.9000          0.8182          0.8571          0.8174          3          6         27       3924
         0.0030          0.5741          0.9394          0.7126          0.9335         23          2         31       3904
         0.2500          0.0000          0.0000          0.0000          0.0000          0         33          0       3927
         0.5000          0.0000          0.0000          0.0000          0.0000          0         33          0       3927
         0.7500          0.0000          0.0000          0.0000          0.0000          0         33          0       3927



Hyper-Parameters: 
 - powers........................: (0.27, 1.81, 0.55, 1.4000000000000001, 0.56)
 - weights.......................: (1.1, 0.8500000000000001, 1.1, 0.0, 0.45)
Fold Wise AUPRC  [0.01, 0.01, 0.01, 0.01, 0.01]
AUC -   0.5000 		AUPRC -   0.0083 

      Threshold       Precision          Recall        F1-Score     Skill Score         FP         FN         TP         TN
         0.0000          0.0000          0.0000          0.0000          0.0000          0         33          0       3927
         0.0000          0.0000          0.0000          0.0000          0.0000          0         33          0       3927
         0.2500          0.0000          0.0000          0.0000          0.0000          0         33          0       3927
         0.5000          0.0000          0.0000          0.0000          0.0000          0         33          0       3927
         0.7500          0.0000          0.0000          0.0000          0.0000          0         33          0       3927



Hyper-Parameters: 
 - powers........................: (0.65, 1.31, 0.37, 0.91, 0.64)
 - weights.......................: (1.75, 1.7000000000000002, 1.3, 0.6000000000000001, 0.9)
Fold Wise AUPRC  [0.86, 0.91, 0.98, 0.65, 1.00]
AUC -   0.9891 		AUPRC -   0.8539 

      Threshold       Precision          Recall        F1-Score     Skill Score         FP         FN         TP         TN
         0.0030          0.8929          0.7576          0.8197          0.7568          3          8         25       3924
         0.0010          0.8182          0.8182          0.8182          0.8167          6          6         27       3921
         0.2500          0.0000          0.0000          0.0000          0.0000          0         33          0       3927
         0.5000          0.0000          0.0000          0.0000          0.0000          0         33          0       3927
         0.7500          0.0000          0.0000          0.0000          0.0000          0         33          0       3927



Hyper-Parameters: 
 - powers........................: (0.32, 0.63, 0.28, 0.67, 0.45)
 - weights.......................: (1.9500000000000002, 1.1, 0.45, 0.4, 0.2)
Fold Wise AUPRC  [0.90, 0.94, 0.96, 0.68, 1.00]
AUC -   0.9934 		AUPRC -   0.8795 

      Threshold       Precision          Recall        F1-Score     Skill Score         FP         FN         TP         TN
         0.0230          0.9333          0.8485          0.8889          0.8480          2          5         28       3925
         0.0010          0.3580          0.8788          0.5088          0.8655         52          4         29       3875
         0.2500          0.0000          0.0000          0.0000          0.0000          0         33          0       3927
         0.5000          0.0000          0.0000          0.0000          0.0000          0         33          0       3927
         0.7500          0.0000          0.0000          0.0000          0.0000          0         33          0       3927



Hyper-Parameters: 
 - powers........................: (0.47000000000000003, 0.26, 0.43, 0.79, 0.25)
 - weights.......................: (1.55, 0.6000000000000001, 1.25, 0.2, 0.8)
Fold Wise AUPRC  [0.80, 0.98, 1.00, 0.63, 0.91]
AUC -   0.9955 		AUPRC -   0.8829 

      Threshold       Precision          Recall        F1-Score     Skill Score         FP         FN         TP         TN
         0.0040          0.8710          0.8182          0.8438          0.8172          4          6         27       3923
         0.0010          0.6977          0.9091          0.7895          0.9058         13          3         30       3914
         0.2500          0.0000          0.0000          0.0000          0.0000          0         33          0       3927
         0.5000          0.0000          0.0000          0.0000          0.0000          0         33          0       3927
         0.7500          0.0000          0.0000          0.0000          0.0000          0         33          0       3927



Hyper-Parameters: 
 - powers........................: (1.36, 1.11, 1.57, 1.85, 0.51)
 - weights.......................: (0.55, 0.5, 0.30000000000000004, 0.55, 0.65)
Fold Wise AUPRC  [0.75, 0.92, 1.00, 0.69, 0.95]
AUC -   0.9914 		AUPRC -   0.8294 

      Threshold       Precision          Recall        F1-Score     Skill Score         FP         FN         TP         TN
         0.0450          0.8333          0.7576          0.7937          0.7563          5          8         25       3922
         0.0020          0.1546          0.9697          0.2667          0.9251        175          1         32       3752
         0.2500          0.0000          0.0000          0.0000          0.0000          0         33          0       3927
         0.5000          0.0000          0.0000          0.0000          0.0000          0         33          0       3927
         0.7500          0.0000          0.0000          0.0000          0.0000          0         33          0       3927



Hyper-Parameters: 
 - powers........................: (0.38, 0.3, 0.26, 0.26, 0.31)
 - weights.......................: (1.25, 1.6500000000000001, 0.6000000000000001, 0.8, 1.2000000000000002)
Fold Wise AUPRC  [0.83, 0.89, 0.95, 0.69, 1.00]
AUC -   0.9849 		AUPRC -   0.8401 

      Threshold       Precision          Recall        F1-Score     Skill Score         FP         FN         TP         TN
         0.0110          0.8966          0.7879          0.8387          0.7871          3          7         26       3924
         0.0050          0.7105          0.8182          0.7606          0.8154         11          6         27       3916
         0.2500          0.0000          0.0000          0.0000          0.0000          0         33          0       3927
         0.5000          0.0000          0.0000          0.0000          0.0000          0         33          0       3927
         0.7500          0.0000          0.0000          0.0000          0.0000          0         33          0       3927



Hyper-Parameters: 
 - powers........................: (0.29, 1.57, 0.34, 0.9500000000000001, 0.36)
 - weights.......................: (1.75, 0.7000000000000001, 0.7000000000000001, 0.15000000000000002, 0.55)
Fold Wise AUPRC  [0.87, 0.97, 1.00, 0.69, 1.00]
AUC -   0.9950 		AUPRC -   0.8983 

      Threshold       Precision          Recall        F1-Score     Skill Score         FP         FN         TP         TN
         0.0070          0.8286          0.8788          0.8529          0.8773          6          4         29       3921
         0.0050          0.7317          0.9091          0.8108          0.9063         11          3         30       3916
         0.2500          0.0000          0.0000          0.0000          0.0000          0         33          0       3927
         0.5000          0.0000          0.0000          0.0000          0.0000          0         33          0       3927
         0.7500          0.0000          0.0000          0.0000          0.0000          0         33          0       3927



Hyper-Parameters: 
 - powers........................: (0.77, 0.44, 0.65, 1.29, 0.92)
 - weights.......................: (1.4000000000000001, 1.05, 0.25, 0.0, 0.35000000000000003)
Fold Wise AUPRC  [0.01, 0.01, 0.01, 0.01, 0.01]
AUC -   0.5000 		AUPRC -   0.0083 

      Threshold       Precision          Recall        F1-Score     Skill Score         FP         FN         TP         TN
         0.0000          0.0000          0.0000          0.0000          0.0000          0         33          0       3927
         0.0000          0.0000          0.0000          0.0000          0.0000          0         33          0       3927
         0.2500          0.0000          0.0000          0.0000          0.0000          0         33          0       3927
         0.5000          0.0000          0.0000          0.0000          0.0000          0         33          0       3927
         0.7500          0.0000          0.0000          0.0000          0.0000          0         33          0       3927



Hyper-Parameters: 
 - powers........................: (0.62, 0.8, 0.4, 1.44, 0.61)
 - weights.......................: (0.75, 0.4, 1.4000000000000001, 0.4, 0.9500000000000001)
Fold Wise AUPRC  [0.72, 0.97, 1.00, 0.70, 0.78]
AUC -   0.9978 		AUPRC -   0.8562 

      Threshold       Precision          Recall        F1-Score     Skill Score         FP         FN         TP         TN
         0.0160          0.8846          0.6970          0.7797          0.6962          3         10         23       3924
         0.0010          0.5000          0.8788          0.6374          0.8714         29          4         29       3898
         0.2500          0.0000          0.0000          0.0000          0.0000          0         33          0       3927
         0.5000          0.0000          0.0000          0.0000          0.0000          0         33          0       3927
         0.7500          0.0000          0.0000          0.0000          0.0000          0         33          0       3927



Hyper-Parameters: 
 - powers........................: (0.35000000000000003, 0.65, 0.46, 1.6600000000000001, 0.26)
 - weights.......................: (0.4, 0.8500000000000001, 0.4, 1.0, 0.1)
Fold Wise AUPRC  [0.71, 0.73, 0.93, 0.73, 0.77]
AUC -   0.9756 		AUPRC -   0.7529 

      Threshold       Precision          Recall        F1-Score     Skill Score         FP         FN         TP         TN
         0.0420          1.0000          0.5758          0.7308          0.5758          0         14         19       3927
         0.0020          0.1020          0.9394          0.1840          0.8699        273          2         31       3654
         0.2500          0.0000          0.0000          0.0000          0.0000          0         33          0       3927
         0.5000          0.0000          0.0000          0.0000          0.0000          0         33          0       3927
         0.7500          0.0000          0.0000          0.0000          0.0000          0         33          0       3927



Hyper-Parameters: 
 - powers........................: (1.12, 1.8800000000000001, 1.17, 1.1500000000000001, 0.8200000000000001)
 - weights.......................: (1.9000000000000001, 0.15000000000000002, 0.1, 0.8, 1.1)
Fold Wise AUPRC  [0.78, 1.00, 1.00, 0.72, 0.91]
AUC -   0.9962 		AUPRC -   0.8988 

      Threshold       Precision          Recall        F1-Score     Skill Score         FP         FN         TP         TN
         0.0210          0.9333          0.8485          0.8889          0.8480          2          5         28       3925
         0.0030          0.4366          0.9394          0.5962          0.9292         40          2         31       3887
         0.2500          0.0000          0.0000          0.0000          0.0000          0         33          0       3927
         0.5000          0.0000          0.0000          0.0000          0.0000          0         33          0       3927
         0.7500          0.0000          0.0000          0.0000          0.0000          0         33          0       3927



Hyper-Parameters: 
 - powers........................: (0.27, 0.48, 0.8, 0.61, 0.75)
 - weights.......................: (0.8500000000000001, 0.55, 1.9500000000000002, 0.30000000000000004, 0.75)
Fold Wise AUPRC  [0.68, 0.93, 1.00, 0.68, 0.76]
AUC -   0.9971 		AUPRC -   0.8302 

      Threshold       Precision          Recall        F1-Score     Skill Score         FP         FN         TP         TN
         0.0050          0.9130          0.6364          0.7500          0.6359          2         12         21       3925
         0.0010          0.6190          0.7879          0.6933          0.7838         16          7         26       3911
         0.2500          0.0000          0.0000          0.0000          0.0000          0         33          0       3927
         0.5000          0.0000          0.0000          0.0000          0.0000          0         33          0       3927
         0.7500          0.0000          0.0000          0.0000          0.0000          0         33          0       3927



Best Parameters...
 - modelwt4......................: 0.4
 - modelwt2......................: 0.65
 - modelwt3......................: 0.25
 - modelwt0......................: 1.8
 - modelwt1......................: 0.45
 - z_score.......................: 0.90625
 - modelpow4.....................: 0.34
 - modelpow0.....................: 0.3
 - modelpow1.....................: 1.64
 - modelpow2.....................: 0.62
 - modelpow3.....................: 1.94
