

Hyper-Parameters: 
 - weights.......................: (0.65, 1.25, 0.9500000000000001, 0.8500000000000001, 1.5)
Fold Wise AUPRC  [0.82, 1.00, 0.97, 1.00, 0.98]
AUC -   0.9994 		AUPRC -   0.9389 

      Threshold       Precision          Recall        F1-Score     Skill Score         FP         FN         TP         TN
         0.3990          0.7750          0.9394          0.8493          0.9371          9          2         31       3918
         0.3360          0.6346          1.0000          0.7765          0.9952         19          0         33       3908
         0.2500          0.1964          1.0000          0.3284          0.9656        135          0         33       3792
         0.5000          0.8621          0.7576          0.8065          0.7566          4          8         25       3923
         0.7500          1.0000          0.2727          0.4286          0.2727          0         24          9       3927



Hyper-Parameters: 
 - weights.......................: (0.15000000000000002, 0.65, 1.4500000000000002, 1.2000000000000002, 1.85)
Fold Wise AUPRC  [0.37, 1.00, 1.00, 1.00, 0.88]
AUC -   0.9947 		AUPRC -   0.7813 

      Threshold       Precision          Recall        F1-Score     Skill Score         FP         FN         TP         TN
         0.4220          0.8333          0.9091          0.8696          0.9076          6          3         30       3921
         0.1530          0.1082          1.0000          0.1953          0.9307        272          0         33       3655
         0.2500          0.1462          0.9394          0.2531          0.8933        181          2         31       3746
         0.5000          0.8387          0.7879          0.8125          0.7866          5          7         26       3922
         0.7500          1.0000          0.1818          0.3077          0.1818          0         27          6       3927



Hyper-Parameters: 
 - weights.......................: (0.2, 0.8500000000000001, 1.9500000000000002, 1.05, 0.6000000000000001)
Fold Wise AUPRC  [0.38, 0.98, 0.98, 1.00, 1.00]
AUC -   0.9987 		AUPRC -   0.8153 

      Threshold       Precision          Recall        F1-Score     Skill Score         FP         FN         TP         TN
         0.2300          0.7895          0.9091          0.8451          0.9071          8          3         30       3919
         0.1860          0.6226          1.0000          0.7674          0.9949         20          0         33       3907
         0.2500          0.7714          0.8182          0.7941          0.8161          8          6         27       3919
         0.5000          0.6875          0.3333          0.4490          0.3321          5         22         11       3922
         0.7500          0.0000          0.0000          0.0000          0.0000          0         33          0       3927



Hyper-Parameters: 
 - weights.......................: (0.4, 0.05, 1.4500000000000002, 1.4500000000000002, 1.1)
Fold Wise AUPRC  [0.34, 1.00, 1.00, 1.00, 0.87]
AUC -   0.9943 		AUPRC -   0.7184 

      Threshold       Precision          Recall        F1-Score     Skill Score         FP         FN         TP         TN
         0.2720          0.8056          0.8788          0.8406          0.8770          7          4         29       3920
         0.2180          0.4026          0.9394          0.5636          0.9277         46          2         31       3881
         0.2500          0.7632          0.8788          0.8169          0.8765          9          4         29       3918
         0.5000          0.7333          0.3333          0.4583          0.3323          4         22         11       3923
         0.7500          0.0000          0.0000          0.0000          0.0000          0         33          0       3927



Hyper-Parameters: 
 - weights.......................: (0.75, 0.75, 1.6, 0.9, 1.1)
Fold Wise AUPRC  [0.43, 1.00, 1.00, 1.00, 0.98]
AUC -   0.9991 		AUPRC -   0.8762 

      Threshold       Precision          Recall        F1-Score     Skill Score         FP         FN         TP         TN
         0.3500          0.8378          0.9394          0.8857          0.9379          6          2         31       3921
         0.2550          0.6471          1.0000          0.7857          0.9954         18          0         33       3909
         0.2500          0.6226          1.0000          0.7674          0.9949         20          0         33       3907
         0.5000          0.8214          0.6970          0.7541          0.6957          5         10         23       3922
         0.7500          1.0000          0.1515          0.2632          0.1515          0         28          5       3927



Hyper-Parameters: 
 - weights.......................: (1.1500000000000001, 1.55, 1.9500000000000002, 1.1, 0.6000000000000001)
Fold Wise AUPRC  [0.52, 0.98, 0.91, 0.93, 0.95]
AUC -   0.9990 		AUPRC -   0.8922 

      Threshold       Precision          Recall        F1-Score     Skill Score         FP         FN         TP         TN
         0.3710          0.7111          0.9697          0.8205          0.9664         13          1         32       3914
         0.3160          0.6346          1.0000          0.7765          0.9952         19          0         33       3908
         0.2500          0.2797          1.0000          0.4371          0.9784         85          0         33       3842
         0.5000          0.7353          0.7576          0.7463          0.7553          9          8         25       3918
         0.7500          1.0000          0.4242          0.5957          0.4242          0         19         14       3927



Hyper-Parameters: 
 - weights.......................: (0.7000000000000001, 0.1, 1.1, 1.0, 1.1)
Fold Wise AUPRC  [0.39, 1.00, 1.00, 1.00, 0.86]
AUC -   0.9960 		AUPRC -   0.7771 

      Threshold       Precision          Recall        F1-Score     Skill Score         FP         FN         TP         TN
         0.2570          0.8158          0.9394          0.8732          0.9376          7          2         31       3920
         0.2570          0.8158          0.9394          0.8732          0.9376          7          2         31       3920
         0.2500          0.7949          0.9394          0.8611          0.9374          8          2         31       3919
         0.5000          0.8571          0.3636          0.5106          0.3631          2         21         12       3925
         0.7500          0.0000          0.0000          0.0000          0.0000          0         33          0       3927



Hyper-Parameters: 
 - weights.......................: (1.0, 1.7000000000000002, 2.0, 1.8, 0.45)
Fold Wise AUPRC  [0.50, 0.98, 0.88, 0.96, 0.95]
AUC -   0.9986 		AUPRC -   0.8736 

      Threshold       Precision          Recall        F1-Score     Skill Score         FP         FN         TP         TN
         0.3830          0.7436          0.8788          0.8056          0.8762         10          4         29       3917
         0.3090          0.4024          1.0000          0.5739          0.9875         49          0         33       3878
         0.2500          0.2558          1.0000          0.4074          0.9756         96          0         33       3831
         0.5000          0.7429          0.7879          0.7647          0.7856          9          7         26       3918
         0.7500          1.0000          0.3939          0.5652          0.3939          0         20         13       3927



Hyper-Parameters: 
 - weights.......................: (1.2000000000000002, 0.45, 0.65, 1.1, 0.6000000000000001)
Fold Wise AUPRC  [0.69, 1.00, 0.96, 0.93, 0.78]
AUC -   0.9990 		AUPRC -   0.8985 

      Threshold       Precision          Recall        F1-Score     Skill Score         FP         FN         TP         TN
         0.3410          0.8966          0.7879          0.8387          0.7871          3          7         26       3924
         0.2270          0.5077          1.0000          0.6735          0.9919         32          0         33       3895
         0.2500          0.6667          0.9091          0.7692          0.9053         15          3         30       3912
         0.5000          0.9333          0.4242          0.5833          0.4240          1         19         14       3926
         0.7500          0.0000          0.0000          0.0000          0.0000          0         33          0       3927



Hyper-Parameters: 
 - weights.......................: (1.1500000000000001, 0.0, 1.85, 0.9500000000000001, 0.7000000000000001)
Fold Wise AUPRC  [0.39, 1.00, 1.00, 0.98, 0.73]
AUC -   0.9979 		AUPRC -   0.7622 

      Threshold       Precision          Recall        F1-Score     Skill Score         FP         FN         TP         TN
         0.3130          0.8286          0.8788          0.8529          0.8773          6          4         29       3921
         0.1570          0.3438          1.0000          0.5116          0.9840         63          0         33       3864
         0.2500          0.7436          0.8788          0.8056          0.8762         10          4         29       3917
         0.5000          0.7500          0.3636          0.4898          0.3626          4         21         12       3923
         0.7500          1.0000          0.0303          0.0588          0.0303          0         32          1       3927



Hyper-Parameters: 
 - weights.......................: (1.4000000000000001, 0.4, 1.8, 0.8, 1.4500000000000002)
Fold Wise AUPRC  [0.50, 1.00, 1.00, 1.00, 0.89]
AUC -   0.9986 		AUPRC -   0.8664 

      Threshold       Precision          Recall        F1-Score     Skill Score         FP         FN         TP         TN
         0.3730          0.8158          0.9394          0.8732          0.9376          7          2         31       3920
         0.2730          0.2640          1.0000          0.4177          0.9766         92          0         33       3835
         0.2500          0.1964          1.0000          0.3284          0.9656        135          0         33       3792
         0.5000          0.8286          0.8788          0.8529          0.8773          6          4         29       3921
         0.7500          0.8667          0.3939          0.5417          0.3934          2         20         13       3925



Hyper-Parameters: 
 - weights.......................: (1.3, 0.30000000000000004, 1.05, 1.4500000000000002, 0.4)
Fold Wise AUPRC  [0.57, 1.00, 0.96, 0.93, 0.73]
AUC -   0.9983 		AUPRC -   0.8422 

      Threshold       Precision          Recall        F1-Score     Skill Score         FP         FN         TP         TN
         0.3360          0.8966          0.7879          0.8387          0.7871          3          7         26       3924
         0.1740          0.4074          1.0000          0.5789          0.9878         48          0         33       3879
         0.2500          0.4918          0.9091          0.6383          0.9012         31          3         30       3896
         0.5000          0.8571          0.3636          0.5106          0.3631          2         21         12       3925
         0.7500          0.0000          0.0000          0.0000          0.0000          0         33          0       3927



Hyper-Parameters: 
 - weights.......................: (0.9500000000000001, 0.2, 1.25, 0.6000000000000001, 0.9500000000000001)
Fold Wise AUPRC  [0.43, 1.00, 1.00, 1.00, 0.87]
AUC -   0.9983 		AUPRC -   0.8362 

      Threshold       Precision          Recall        F1-Score     Skill Score         FP         FN         TP         TN
         0.2390          0.8158          0.9394          0.8732          0.9376          7          2         31       3920
         0.1710          0.2200          1.0000          0.3607          0.9702        117          0         33       3810
         0.2500          0.8158          0.9394          0.8732          0.9376          7          2         31       3920
         0.5000          0.8571          0.3636          0.5106          0.3631          2         21         12       3925
         0.7500          0.0000          0.0000          0.0000          0.0000          0         33          0       3927



Hyper-Parameters: 
 - weights.......................: (0.8, 0.65, 1.35, 0.4, 0.5)
Fold Wise AUPRC  [0.49, 1.00, 0.98, 0.95, 0.95]
AUC -   0.9991 		AUPRC -   0.8855 

      Threshold       Precision          Recall        F1-Score     Skill Score         FP         FN         TP         TN
         0.2190          0.7500          1.0000          0.8571          0.9972         11          0         33       3916
         0.2190          0.7500          1.0000          0.8571          0.9972         11          0         33       3916
         0.2500          0.7500          0.9091          0.8219          0.9065         10          3         30       3917
         0.5000          0.8462          0.3333          0.4783          0.3328          2         22         11       3925
         0.7500          0.0000          0.0000          0.0000          0.0000          0         33          0       3927



Hyper-Parameters: 
 - weights.......................: (0.65, 0.8500000000000001, 0.6000000000000001, 0.55, 1.85)
Fold Wise AUPRC  [0.79, 1.00, 1.00, 1.00, 0.91]
AUC -   0.9972 		AUPRC -   0.9177 

      Threshold       Precision          Recall        F1-Score     Skill Score         FP         FN         TP         TN
         0.4460          0.8378          0.9394          0.8857          0.9379          6          2         31       3921
         0.2650          0.1594          1.0000          0.2750          0.9557        174          0         33       3753
         0.2500          0.1507          1.0000          0.2619          0.9526        186          0         33       3741
         0.5000          0.8710          0.8182          0.8438          0.8172          4          6         27       3923
         0.7500          1.0000          0.1515          0.2632          0.1515          0         28          5       3927



Hyper-Parameters: 
 - weights.......................: (0.8, 1.6, 0.55, 0.9500000000000001, 0.8)
Fold Wise AUPRC  [0.91, 0.97, 0.80, 0.88, 0.95]
AUC -   0.9983 		AUPRC -   0.9055 

      Threshold       Precision          Recall        F1-Score     Skill Score         FP         FN         TP         TN
         0.5010          1.0000          0.7576          0.8621          0.7576          0          8         25       3927
         0.2560          0.2920          1.0000          0.4521          0.9796         80          0         33       3847
         0.2500          0.2727          1.0000          0.4286          0.9776         88          0         33       3839
         0.5000          0.9615          0.7576          0.8475          0.7573          1          8         25       3926
         0.7500          1.0000          0.0909          0.1667          0.0909          0         30          3       3927



Hyper-Parameters: 
 - weights.......................: (0.1, 0.4, 1.35, 1.1, 0.7000000000000001)
Fold Wise AUPRC  [0.34, 1.00, 1.00, 1.00, 0.96]
AUC -   0.9964 		AUPRC -   0.7652 

      Threshold       Precision          Recall        F1-Score     Skill Score         FP         FN         TP         TN
         0.1980          0.8286          0.8788          0.8529          0.8773          6          4         29       3921
         0.0980          0.1514          1.0000          0.2629          0.9529        185          0         33       3742
         0.2500          0.7857          0.6667          0.7213          0.6651          6         11         22       3921
         0.5000          1.0000          0.0606          0.1143          0.0606          0         31          2       3927
         0.7500          0.0000          0.0000          0.0000          0.0000          0         33          0       3927



Best Parameters...
 - z_score.......................: 0.885714285714
 - model3........................: 0.9
 - model2........................: 1.6
 - model1........................: 0.75
 - model0........................: 0.75
 - model4........................: 1.1
